  
         -0.00000000          2.09807849          0.00001866         -0.88387288         -1.04903925         -0.00001933          0.88387288         -1.04903925          0.00000068
          2.09807849         -0.00000000          0.00001785         -1.04903925         -0.68655522         -0.00001756         -1.04903925          0.68655522         -0.00000029
          0.00001866          0.00001785          0.00000000         -0.00001891         -0.00001756          0.28460452          0.00000026         -0.00000029         -0.28460452
         -0.88387288         -1.04903925         -0.00001891          0.88387288          1.04589543          0.00001910          0.00000000          0.00314381         -0.00000018
         -1.04903925         -0.68655522         -0.00001756          1.04589543          0.68655522          0.00001742          0.00314381         -0.00000000          0.00000014
         -0.00001933         -0.00001756          0.28460452          0.00001910          0.00001742         -0.28460452          0.00000024          0.00000014         -0.00000000
          0.88387288         -1.04903925          0.00000026          0.00000000          0.00314381          0.00000024         -0.88387288          1.04589544         -0.00000049
         -1.04903925          0.68655522         -0.00000029          0.00314381         -0.00000000          0.00000014          1.04589544         -0.68655522          0.00000015
          0.00000068         -0.00000029         -0.28460452         -0.00000018          0.00000014         -0.00000000         -0.00000049          0.00000015          0.28460452
  
          2.09807849         -0.00000000          0.00001785         -1.04903925         -0.68655522         -0.00001756         -1.04903925          0.68655522         -0.00000029
         -0.00000000          0.34135842          0.00001184         -0.64179505         -0.17067921         -0.00001034          0.64179505         -0.17067921         -0.00000150
          0.00001785          0.00001184         -0.49466953         -0.00001662         -0.00001065          0.24733476         -0.00000123         -0.00000119          0.24733477
         -1.04903925         -0.64179505         -0.00001662          1.00044690          0.66417513          0.00001648          0.04859234         -0.02238008          0.00000014
         -0.68655522         -0.17067921         -0.00001065          0.66417513          0.15219548          0.00000982          0.02238008          0.01848373          0.00000083
         -0.00001756         -0.00001034          0.24733476          0.00001648          0.00000982         -0.20736927          0.00000108          0.00000052         -0.03996550
         -1.04903925          0.64179505         -0.00000123          0.04859234          0.02238008          0.00000108          1.00044691         -0.66417514          0.00000015
          0.68655522         -0.17067921         -0.00000119         -0.02238008          0.01848373          0.00000052         -0.66417514          0.15219548          0.00000067
         -0.00000029         -0.00000150          0.24733477          0.00000014          0.00000083         -0.03996550          0.00000015          0.00000067         -0.20736927
  
          0.00001866          0.00001785          0.00000000         -0.00001891         -0.00001756          0.28460452          0.00000026         -0.00000029         -0.28460452
          0.00001785          0.00001184         -0.49466953         -0.00001662         -0.00001065          0.24733476         -0.00000123         -0.00000119          0.24733477
          0.00000000         -0.49466953         -0.00001319          0.22346262          0.24733476          0.00001205         -0.22346262          0.24733477          0.00000114
         -0.00001891         -0.00001662          0.22346262          0.00001848          0.00001695         -0.25403357          0.00000043         -0.00000033          0.03057095
         -0.00001756         -0.00001065          0.24733476          0.00001695          0.00001018         -0.23027105          0.00000061          0.00000047         -0.01706371
          0.28460452          0.24733476          0.00001205         -0.25403357         -0.23027105         -0.00001140         -0.03057095         -0.01706371         -0.00000066
          0.00000026         -0.00000123         -0.22346262          0.00000043          0.00000061         -0.03057095         -0.00000069          0.00000062          0.25403357
         -0.00000029         -0.00000119          0.24733477         -0.00000033          0.00000047         -0.01706371          0.00000062          0.00000072         -0.23027105
         -0.28460452          0.24733477          0.00000114          0.03057095         -0.01706371         -0.00000066          0.25403357         -0.23027105         -0.00000048
  
         -0.88387288         -1.04903925         -0.00001891          0.88387288          1.04589543          0.00001910          0.00000000          0.00314381         -0.00000018
         -1.04903925         -0.64179505         -0.00001662          1.00044690          0.66417513          0.00001648          0.04859234         -0.02238008          0.00000014
         -0.00001891         -0.00001662          0.22346262          0.00001848          0.00001695         -0.25403357          0.00000043         -0.00000033          0.03057095
          0.88387288          1.00044690          0.00001848         -0.93964075         -1.02159926         -0.00001943          0.05576786          0.02115236          0.00000094
          1.04589543          0.66417513          0.00001695         -1.02159926         -0.65617503         -0.00001682         -0.02429617         -0.00800010         -0.00000014
          0.00001910          0.00001648         -0.25403357         -0.00001943         -0.00001682          0.28094010          0.00000033          0.00000033         -0.02690653
          0.00000000          0.04859234          0.00000043          0.05576786         -0.02429617          0.00000033         -0.05576786         -0.02429617         -0.00000076
          0.00314381         -0.02238008         -0.00000033          0.02115236         -0.00800010          0.00000033         -0.02429617          0.03038019         -0.00000000
         -0.00000018          0.00000014          0.03057095          0.00000094         -0.00000014         -0.02690653         -0.00000076         -0.00000000         -0.00366442
  
         -1.04903925         -0.68655522         -0.00001756          1.04589543          0.68655522          0.00001742          0.00314381         -0.00000000          0.00000014
         -0.68655522         -0.17067921         -0.00001065          0.66417513          0.15219548          0.00000982          0.02238008          0.01848373          0.00000083
         -0.00001756         -0.00001065          0.24733476          0.00001695          0.00001018         -0.23027105          0.00000061          0.00000047         -0.01706371
          1.04589543          0.66417513          0.00001695         -1.02159926         -0.65617503         -0.00001682         -0.02429617         -0.00800010         -0.00000014
          0.68655522          0.15219548          0.00001018         -0.65617503         -0.14295361         -0.00000953         -0.03038019         -0.00924187         -0.00000065
          0.00001742          0.00000982         -0.23027105         -0.00001682         -0.00000953          0.21028830         -0.00000061         -0.00000029          0.01998275
          0.00314381          0.02238008          0.00000061         -0.02429617         -0.03038019         -0.00000061          0.02115236          0.00800010         -0.00000000
         -0.00000000          0.01848373          0.00000047         -0.00800010         -0.00924187         -0.00000029          0.00800010         -0.00924187         -0.00000018
          0.00000014          0.00000083         -0.01706371         -0.00000014         -0.00000065          0.01998275         -0.00000000         -0.00000018         -0.00291903
  
         -0.00001933         -0.00001756          0.28460452          0.00001910          0.00001742         -0.28460452          0.00000024          0.00000014         -0.00000000
         -0.00001756         -0.00001034          0.24733476          0.00001648          0.00000982         -0.20736927          0.00000108          0.00000052         -0.03996550
          0.28460452          0.24733476          0.00001205         -0.25403357         -0.23027105         -0.00001140         -0.03057095         -0.01706371         -0.00000066
          0.00001910          0.00001648         -0.25403357         -0.00001943         -0.00001682          0.28094010          0.00000033          0.00000033         -0.02690653
          0.00001742          0.00000982         -0.23027105         -0.00001682         -0.00000953          0.21028830         -0.00000061         -0.00000029          0.01998275
         -0.28460452         -0.20736927         -0.00001140          0.28094010          0.21028830          0.00001141          0.00366442         -0.00291903         -0.00000002
          0.00000024          0.00000108         -0.03057095          0.00000033         -0.00000061          0.00366442         -0.00000057         -0.00000047          0.02690653
          0.00000014          0.00000052         -0.01706371          0.00000033         -0.00000029         -0.00291903         -0.00000047         -0.00000023          0.01998275
         -0.00000000         -0.03996550         -0.00000066         -0.02690653          0.01998275         -0.00000002          0.02690653          0.01998275          0.00000067
  
          0.88387288         -1.04903925          0.00000026          0.00000000          0.00314381          0.00000024         -0.88387288          1.04589544         -0.00000049
         -1.04903925          0.64179505         -0.00000123          0.04859234          0.02238008          0.00000108          1.00044691         -0.66417514          0.00000015
          0.00000026         -0.00000123         -0.22346262          0.00000043          0.00000061         -0.03057095         -0.00000069          0.00000062          0.25403357
          0.00000000          0.04859234          0.00000043          0.05576786         -0.02429617          0.00000033         -0.05576786         -0.02429617         -0.00000076
          0.00314381          0.02238008          0.00000061         -0.02429617         -0.03038019         -0.00000061          0.02115236          0.00800010         -0.00000000
          0.00000024          0.00000108         -0.03057095          0.00000033         -0.00000061          0.00366442         -0.00000057         -0.00000047          0.02690653
         -0.88387288          1.00044691         -0.00000069         -0.05576786          0.02115236         -0.00000057          0.93964075         -1.02159927          0.00000125
          1.04589544         -0.66417514          0.00000062         -0.02429617          0.00800010         -0.00000047         -1.02159927          0.65617503         -0.00000015
         -0.00000049          0.00000015          0.25403357         -0.00000076         -0.00000000          0.02690653          0.00000125         -0.00000015         -0.28094010
  
         -1.04903925          0.68655522         -0.00000029          0.00314381         -0.00000000          0.00000014          1.04589544         -0.68655522          0.00000015
          0.68655522         -0.17067921         -0.00000119         -0.02238008          0.01848373          0.00000052         -0.66417514          0.15219548          0.00000067
         -0.00000029         -0.00000119          0.24733477         -0.00000033          0.00000047         -0.01706371          0.00000062          0.00000072         -0.23027105
          0.00314381         -0.02238008         -0.00000033          0.02115236         -0.00800010          0.00000033         -0.02429617          0.03038019         -0.00000000
         -0.00000000          0.01848373          0.00000047         -0.00800010         -0.00924187         -0.00000029          0.00800010         -0.00924187         -0.00000018
          0.00000014          0.00000052         -0.01706371          0.00000033         -0.00000029         -0.00291903         -0.00000047         -0.00000023          0.01998275
          1.04589544         -0.66417514          0.00000062         -0.02429617          0.00800010         -0.00000047         -1.02159927          0.65617503         -0.00000015
         -0.68655522          0.15219548          0.00000072          0.03038019         -0.00924187         -0.00000023          0.65617503         -0.14295361         -0.00000049
          0.00000015          0.00000067         -0.23027105         -0.00000000         -0.00000018          0.01998275         -0.00000015         -0.00000049          0.21028830
  
          0.00000068         -0.00000029         -0.28460452         -0.00000018          0.00000014         -0.00000000         -0.00000049          0.00000015          0.28460452
         -0.00000029         -0.00000150          0.24733477          0.00000014          0.00000083         -0.03996550          0.00000015          0.00000067         -0.20736927
         -0.28460452          0.24733477          0.00000114          0.03057095         -0.01706371         -0.00000066          0.25403357         -0.23027105         -0.00000048
         -0.00000018          0.00000014          0.03057095          0.00000094         -0.00000014         -0.02690653         -0.00000076         -0.00000000         -0.00366442
          0.00000014          0.00000083         -0.01706371         -0.00000014         -0.00000065          0.01998275         -0.00000000         -0.00000018         -0.00291903
         -0.00000000         -0.03996550         -0.00000066         -0.02690653          0.01998275         -0.00000002          0.02690653          0.01998275          0.00000067
         -0.00000049          0.00000015          0.25403357         -0.00000076         -0.00000000          0.02690653          0.00000125         -0.00000015         -0.28094010
          0.00000015          0.00000067         -0.23027105         -0.00000000         -0.00000018          0.01998275         -0.00000015         -0.00000049          0.21028830
          0.28460452         -0.20736927         -0.00000048         -0.00366442         -0.00291903          0.00000067         -0.28094010          0.21028830         -0.00000019
  
  
