  
          0.57078574          0.00000000         -0.00000095
         -0.00000002          0.43621213         -0.00000243
         -0.00000095         -0.00000243          0.70942730
         -0.28539287          0.05835097          0.00000100
          0.05189163         -0.21810607          0.00000157
          0.00000094          0.00000162         -0.35471365
         -0.28539286         -0.05835098         -0.00000004
         -0.05189161         -0.21810607          0.00000086
          0.00000002          0.00000081         -0.35471365
  
