  
          0.00000001         -0.01334255         -0.00000012
          0.40797825          0.00000001          0.00000107
          0.00000363         -0.00000183         -0.00000001
          0.02736435          0.00667127          0.00000095
         -0.20398912          0.05167548          0.00000035
         -0.00000096          0.00000180         -0.04809339
         -0.02736436          0.00667128         -0.00000083
         -0.20398913         -0.05167549         -0.00000142
         -0.00000266          0.00000003          0.04809340
  
          0.40797825          0.00000001          0.00000107
         -0.00000001          0.23870003         -0.00000238
          0.00000106         -0.00000238          0.25321434
         -0.20398912          0.00440053         -0.00000001
         -0.10601911         -0.11935002          0.00000046
         -0.00000105          0.00000122         -0.12660718
         -0.20398909         -0.00440055         -0.00000105
          0.10601912         -0.11935001          0.00000192
         -0.00000002          0.00000116         -0.12660717
  
          0.00000363         -0.00000183         -0.00000001
          0.00000106         -0.00000238          0.25321434
          0.00000002          0.25321420          0.00000675
         -0.00000092          0.00000144         -0.05407932
         -0.00000105          0.00000155         -0.12660717
         -0.04809295         -0.12660709         -0.00000441
         -0.00000271          0.00000040          0.05407933
         -0.00000002          0.00000083         -0.12660718
          0.04809293         -0.12660710         -0.00000234
  
          0.02736435          0.00667127          0.00000095
         -0.20398912          0.00440053         -0.00000001
         -0.00000092          0.00000144         -0.05407932
         -0.02736423          0.01181489         -0.00000079
          0.05351104         -0.02803798         -0.00000089
         -0.00000040         -0.00000120          0.05108636
          0.00000012         -0.01848616         -0.00000016
          0.15047809          0.02363750          0.00000091
          0.00000132         -0.00000024          0.00299297
  
         -0.20398912          0.05167548          0.00000035
         -0.10601911         -0.11935002          0.00000046
         -0.00000105          0.00000155         -0.12660717
          0.05351104         -0.02803798         -0.00000089
          0.10601913          0.07857517         -0.00000002
          0.00000032         -0.00000096          0.08130423
          0.15047817         -0.02363759          0.00000054
          0.00000002          0.04077485         -0.00000044
          0.00000072         -0.00000059          0.04530294
  
         -0.00000096          0.00000180         -0.04809339
         -0.00000105          0.00000122         -0.12660718
         -0.04809295         -0.12660709         -0.00000441
         -0.00000040         -0.00000120          0.05108636
          0.00000032         -0.00000096          0.08130423
          0.04809296          0.08354467          0.00000322
          0.00000136         -0.00000061         -0.00299299
          0.00000072         -0.00000026          0.04530296
          0.00000003          0.04306242          0.00000119
  
         -0.02736436          0.00667128         -0.00000083
         -0.20398909         -0.00440055         -0.00000105
         -0.00000271          0.00000040          0.05407933
          0.00000012         -0.01848616         -0.00000016
          0.15047817         -0.02363759          0.00000054
          0.00000136         -0.00000061         -0.00299299
          0.02736424          0.01181489          0.00000100
          0.05351104          0.02803799          0.00000051
          0.00000135          0.00000021         -0.05108637
  
         -0.20398913         -0.05167549         -0.00000142
          0.10601912         -0.11935001          0.00000192
         -0.00000002          0.00000083         -0.12660718
          0.15047809          0.02363750          0.00000091
          0.00000002          0.04077485         -0.00000044
          0.00000072         -0.00000026          0.04530296
          0.05351104          0.02803799          0.00000051
         -0.10601914          0.07857516         -0.00000148
         -0.00000071         -0.00000057          0.08130423
  
         -0.00000266          0.00000003          0.04809340
         -0.00000002          0.00000116         -0.12660717
          0.04809293         -0.12660710         -0.00000234
          0.00000132         -0.00000024          0.00299297
          0.00000072         -0.00000059          0.04530294
          0.00000003          0.04306242          0.00000119
          0.00000135          0.00000021         -0.05108637
         -0.00000071         -0.00000057          0.08130423
         -0.04809296          0.08354468          0.00000115
  
  
