  
          0.00000002         -0.04586795         -0.00000040
          0.40407543          0.00000001          0.00000085
          0.00000360         -0.00000221          0.00000016
         -0.00199447          0.02296188          0.00000103
         -0.20202307          0.06821801          0.00000063
         -0.00000107          0.00000217         -0.05236913
          0.00199441          0.02296190         -0.00000062
         -0.20202302         -0.06821800         -0.00000151
         -0.00000250          0.00000004          0.05236793
  
          0.40407543          0.00000001          0.00000085
         -0.00000001          0.31082298         -0.00001803
          0.00000338         -0.00018809          0.27633103
         -0.20202447         -0.00028601          0.00000018
         -0.10020322         -0.15554757          0.00000038
         -0.00000088          0.00000105         -0.13812630
         -0.20202447          0.00028598         -0.00000106
          0.10020326         -0.15554753          0.00000176
         -0.00000001          0.00000108         -0.13812520
  
          0.00000360         -0.00000221          0.00000016
          0.00000338         -0.00018809          0.27633103
          0.00000016          0.27624545          0.00000737
         -0.00000098          0.00000170         -0.06948737
         -0.00000088          0.00000153         -0.13812670
         -0.05236966         -0.13812638         -0.00000489
         -0.00000262          0.00000049          0.06948748
         -0.00000001          0.00000060         -0.13812668
          0.05237008         -0.13812688         -0.00000248
  
         -0.00199447          0.02296188          0.00000103
         -0.20202447         -0.00028601          0.00000018
         -0.00000098          0.00000170         -0.06948737
          0.00199827          0.00805982         -0.00000076
          0.05615132         -0.03396438         -0.00000112
         -0.00000036         -0.00000165          0.06092834
          0.00000002         -0.03101987         -0.00000028
          0.14587421          0.03425073          0.00000089
          0.00000124         -0.00000028          0.00855877
  
         -0.20202307          0.06821801          0.00000063
         -0.10020322         -0.15554757          0.00000038
         -0.00000088          0.00000153         -0.13812670
          0.05615132         -0.03396438         -0.00000112
          0.10020267          0.09785129         -0.00000005
          0.00000002         -0.00000114          0.08866440
          0.14587427         -0.03425072          0.00000043
         -0.00000002          0.05769661         -0.00000037
          0.00000066         -0.00000055          0.04946180
  
         -0.00000107          0.00000217         -0.05236913
         -0.00000088          0.00000105         -0.13812630
         -0.05236966         -0.13812638         -0.00000489
         -0.00000036         -0.00000165          0.06092834
          0.00000002         -0.00000114          0.08866440
          0.05236983          0.09507139          0.00000365
          0.00000135         -0.00000074         -0.00855867
          0.00000067         -0.00000008          0.04946198
          0.00000017          0.04305497          0.00000126
  
          0.00199441          0.02296190         -0.00000062
         -0.20202447          0.00028598         -0.00000106
         -0.00000262          0.00000049          0.06948748
          0.00000002         -0.03101987         -0.00000028
          0.14587427         -0.03425072          0.00000043
          0.00000135         -0.00000074         -0.00855867
         -0.00199851          0.00805979          0.00000090
          0.05615225          0.03396350          0.00000057
          0.00000126          0.00000025         -0.06092604
  
         -0.20202302         -0.06821800         -0.00000151
          0.10020326         -0.15554753          0.00000176
         -0.00000001          0.00000060         -0.13812668
          0.14587421          0.03425073          0.00000089
         -0.00000002          0.05769661         -0.00000037
          0.00000067         -0.00000008          0.04946198
          0.05615225          0.03396350          0.00000057
         -0.10020261          0.09785132         -0.00000140
         -0.00000065         -0.00000053          0.08865556
  
         -0.00000250          0.00000004          0.05236793
         -0.00000001          0.00000108         -0.13812520
          0.05237008         -0.13812688         -0.00000248
          0.00000124         -0.00000028          0.00855877
          0.00000066         -0.00000055          0.04946180
          0.00000017          0.04305497          0.00000126
          0.00000126          0.00000025         -0.06092604
         -0.00000065         -0.00000053          0.08865556
         -0.05234799          0.09505395          0.00000122
  
  
