9.79479	0	0	0	0	0	0	0	0
-0.452448	32.105552	0	0	0	0	0	0	0
0.229158	-11.992317	6.029794	0	0	0	0	0	0
-6.327811	0.767043	-0.298792	6.541742	0	0	0	0	0
-0.924135	-10.749399	3.882729	-1.005224	4.894784	0	0	0	0
0.318151	3.928526	-2.197041	0.392545	-1.718158	1.177308	0	0	0
-3.466978	-0.314595	0.069634	-0.213931	1.929359	-0.710696	3.680909	0	0
1.376583	-21.356153	8.062308	0.238181	5.767001	-2.20263	-1.614764	15.589152	0
-0.547309	8.06379	-3.832753	-0.093753	-2.204113	1.019733	0.641062	-5.859678	2.81302


