0.63939738	-0.01308757	0.06470118	-0.00944691	-0.00329637	-0.0005332	-0.40033436	-0.03586645	0.1902929	-0.23090054	0.0496071	-0.25673768	0.00005756	-0.00110873	0.00102165	0.00122687	0.00375202	0.00125514
-0.01308757	0.01864434	-0.08184494	0.00024617	0.00325837	0.00170475	-0.02571039	-0.00948478	0.02234727	0.03733244	-0.01149054	0.05967129	-0.00087093	-0.0013449	-0.00065373	0.00209114	0.00041751	-0.00122463
0.06470118	-0.08184494	0.43856271	0.00090219	0.00137694	0.00419908	0.13432654	0.02190182	-0.12101157	-0.20102734	0.05980482	-0.31978384	0.0007212	0.00017618	-0.00055898	0.00037711	-0.0014114	-0.0014074
-0.00944691	0.00024617	0.00090219	0.28787603	-0.05606357	0.18484152	0.00162408	-0.00032235	0.0017979	-0.000974	-0.00055458	0.00131201	-0.13480115	0.17185235	-0.07241062	-0.14427565	-0.115157	-0.11644212
-0.00329637	0.00325837	0.00137694	-0.05606357	0.65474682	0.06586769	-0.00105765	-0.00805227	-0.00031664	-0.00038673	0.00047772	-0.00028268	0.21677487	-0.38386318	0.10472697	-0.15597118	-0.26655822	-0.17137163
-0.0005332	0.00170475	0.00419908	0.18484152	0.06586769	0.17957176	-0.0018912	-0.00223301	-0.00393716	0.00083709	-0.00066651	-0.00123562	-0.06362894	0.06765454	-0.03949786	-0.11962527	-0.13232746	-0.13910019
-0.40033436	-0.02571039	0.13432654	0.00162408	-0.00105765	-0.0018912	0.42102981	0.02631429	-0.14916396	-0.02638949	-0.00283147	0.0164243	-0.00002938	0.00252799	0.00001471	0.00409934	0.00075723	0.00028961
-0.03586645	-0.00948478	0.02190182	-0.00032235	-0.00805227	-0.00223301	0.02631429	0.01266068	-0.01828942	0.00727973	0.00123607	-0.00252152	0.00315227	0.00135905	-0.00040751	-0.00055749	0.00228125	0.00154964
0.1902929	0.02234727	-0.12101157	0.0017979	-0.00031664	-0.00393716	-0.14916396	-0.01828942	0.11445706	-0.03901807	-0.00289269	0.01004942	-0.00110123	-0.00035904	0.00020865	-0.00280754	-0.00048949	0.0002336
-0.23090054	0.03733244	-0.20102734	-0.000974	-0.00038673	0.00083709	-0.02638949	0.00727973	-0.03901807	0.25761164	-0.04444284	0.23906839	0.00014107	-0.00005062	-0.00002991	0.00051132	0.00026802	0.00016984
0.0496071	-0.01149054	0.05980482	-0.00055458	0.00047772	-0.00066651	-0.00283147	0.00123607	-0.00289269	-0.04444284	0.01082725	-0.05755572	-0.0002414	0.00038322	0.00086857	-0.00153604	-0.00143166	0.00044429
-0.25673768	0.05967129	-0.31978384	0.00131201	-0.00028268	-0.00123562	0.0164243	-0.00252152	0.01004942	0.23906839	-0.05755572	0.31054943	-0.00014495	0.00016128	0.00011108	0.00007794	0.00052734	0.00030953
0.00005756	-0.00087093	0.0007212	-0.13480115	0.21677487	-0.06362894	-0.00002938	0.00315227	-0.00110123	0.00014107	-0.0002414	-0.00014495	0.12941975	-0.19316024	0.06412781	0.00521216	-0.02565456	0.00002611
-0.00110873	-0.0013449	0.00017618	0.17185235	-0.38386318	0.06765454	0.00252799	0.00135905	-0.00035904	-0.00005062	0.00038322	0.00016128	-0.19316024	0.40162168	-0.08066468	0.01993926	-0.01815588	0.01303172
0.00102165	-0.00065373	-0.00055898	-0.07241062	0.10472697	-0.03949786	0.00001471	-0.00040751	0.00020865	-0.00002991	0.00086857	0.00011108	0.06412781	-0.08066468	0.03826889	0.00727636	-0.02386962	0.00146822
0.00122687	0.00209114	0.00037711	-0.14427565	-0.15597118	-0.11962527	0.00409934	-0.00055749	-0.00280754	0.00051132	-0.00153604	0.00007794	0.00521216	0.01993926	0.00727636	0.13322596	0.13603431	0.11470141
0.00375202	0.00041751	-0.0014114	-0.115157	-0.26655822	-0.13232746	0.00075723	0.00228125	-0.00048949	0.00026802	-0.00143166	0.00052734	-0.02565456	-0.01815588	-0.02386962	0.13603431	0.283447	0.15757062
0.00125514	-0.00122463	-0.0014074	-0.11644212	-0.17137163	-0.13910019	0.00028961	0.00154964	0.0002336	0.00016984	0.00044429	0.00030953	0.00002611	0.01303172	0.00146822	0.11470141	0.15757062	0.13849625

