3.49782	0	0	0	0	0	0	0	0	0	0	0	0	0	0
0.558635	18.06021	0	0	0	0	0	0	0	0	0	0	0	0	0
-0.00702	0.246162	10.007457	0	0	0	0	0	0	0	0	0	0	0	0
2.373421	-0.707272	0.012155	-2.582627	0	0	0	0	0	0	0	0	0	0	0
-0.780388	-6.457188	-0.055209	0.719165	4.757405	0	0	0	0	0	0	0	0	0	0
0.037079	-0.36619	-5.106534	-0.01142	0.058679	4.587619	0	0	0	0	0	0	0	0	0
-2.133887	-0.832241	0.771556	0.033568	0.426859	-0.374188	2.009804	0	0	0	0	0	0	0	0
-0.337347	-7.197491	-1.014315	-0.181813	1.181579	0.223767	0.452194	5.351563	0	0	0	0	0	0	0
0.284121	0.384805	-1.797682	0.146012	-0.294612	0.113424	-0.430186	-0.165622	1.723205	0	0	0	0	0	0
-1.778474	1.415986	0.513548	0.11119	-0.489425	-0.170653	0.0463	-0.056094	0.006569	1.576315	0	0	0	0	0
0.690832	-0.759127	0.468816	0.23049	0.184319	0.049977	-0.030888	-0.495864	-0.003817	-0.880927	1.084256	0	0	0	0
0.268323	-0.845828	-2.249839	0.092452	0.277694	0.166293	0.0189	1.140726	0.048163	-0.350824	-0.47234	2.072376	0	0	0
-1.958879	-0.435108	-1.29024	0.064449	0.123789	0.519182	0.044215	0.123059	-0.006515	0.044669	-0.009507	-0.028851	1.805547	0	0
-0.131732	-3.646405	0.356087	-0.06057	0.332727	0.032442	-0.015925	1.160213	0.079246	0.01046	-0.013584	-0.100252	0.197767	2.167048	0
-0.582504	0.58105	-0.853401	-0.239198	0.013665	0.239197	0.013918	-0.184556	-0.087111	0.00136	-0.042636	-0.036993	0.806424	-0.367524	0.738308

