  
         -0.00000239          1.79710556          0.00001599         -0.75782032         -0.89855257         -0.00001641          0.75782271         -0.89855299          0.00000043
          1.79710556          0.00000142          0.00001524         -0.89855259         -0.61526861         -0.00001516         -0.89855297          0.61526720         -0.00000008
          0.00001599          0.00001524          0.00000019         -0.00001603         -0.00001516          0.23245723          0.00000004         -0.00000008         -0.23245741
         -0.75782032         -0.89855259         -0.00001603          0.75782034          0.89632578          0.00001620         -0.00000002          0.00222682         -0.00000017
         -0.89855257         -0.61526861         -0.00001516          0.89632578          0.61526862          0.00001504          0.00222679         -0.00000001          0.00000012
         -0.00001641         -0.00001516          0.23245723          0.00001620          0.00001504         -0.23245724          0.00000021          0.00000012          0.00000002
          0.75782271         -0.89855297          0.00000004         -0.00000002          0.00222679          0.00000021         -0.75782269          0.89632618         -0.00000025
         -0.89855299          0.61526720         -0.00000008          0.00222682         -0.00000001          0.00000012          0.89632618         -0.61526719         -0.00000004
          0.00000043         -0.00000008         -0.23245741         -0.00000017          0.00000012          0.00000002         -0.00000025         -0.00000004          0.23245740
  
          1.79710556          0.00000142          0.00001524         -0.89855259         -0.61526861         -0.00001516         -0.89855297          0.61526720         -0.00000008
          0.00000142          0.39052218          0.00001087         -0.56530420         -0.19526189         -0.00000933          0.56530278         -0.19526029         -0.00000154
          0.00001524          0.00001087         -0.41567004         -0.00001422         -0.00000967          0.20783513         -0.00000102         -0.00000120          0.20783492
         -0.89855259         -0.56530420         -0.00001422          0.85598572          0.59028640          0.00001414          0.04256687         -0.02498220          0.00000007
         -0.61526861         -0.19526189         -0.00000967          0.59028640          0.17661907          0.00000888          0.02498222          0.01864282          0.00000079
         -0.00001516         -0.00000933          0.20783513          0.00001414          0.00000888         -0.17158651          0.00000101          0.00000045         -0.03624862
         -0.89855297          0.56530278         -0.00000102          0.04256687          0.02498222          0.00000101          0.85598610         -0.59028500          0.00000001
          0.61526720         -0.19526029         -0.00000120         -0.02498220          0.01864282          0.00000045         -0.59028500          0.17661747          0.00000075
         -0.00000008         -0.00000154          0.20783492          0.00000007          0.00000079         -0.03624862          0.00000001          0.00000075         -0.17158630
  
          0.00001599          0.00001524          0.00000019         -0.00001603         -0.00001516          0.23245723          0.00000004         -0.00000008         -0.23245741
          0.00001524          0.00001087         -0.41567004         -0.00001422         -0.00000967          0.20783513         -0.00000102         -0.00000120          0.20783492
          0.00000019         -0.41567004         -0.00001108          0.17663270          0.20783510          0.00000995         -0.17663289          0.20783494          0.00000112
         -0.00001603         -0.00001422          0.17663270          0.00001565          0.00001457         -0.20454497          0.00000038         -0.00000035          0.02791227
         -0.00001516         -0.00000967          0.20783510          0.00001457          0.00000924         -0.19297314          0.00000059          0.00000043         -0.01486196
          0.23245723          0.20783513          0.00000995         -0.20454497         -0.19297314         -0.00000937         -0.02791226         -0.01486198         -0.00000059
          0.00000004         -0.00000102         -0.17663289          0.00000038          0.00000059         -0.02791226         -0.00000042          0.00000043          0.20454514
         -0.00000008         -0.00000120          0.20783494         -0.00000035          0.00000043         -0.01486198          0.00000043          0.00000077         -0.19297296
         -0.23245741          0.20783492          0.00000112          0.02791227         -0.01486196         -0.00000059          0.20454514         -0.19297296         -0.00000054
  
         -0.75782032         -0.89855259         -0.00001603          0.75782034          0.89632578          0.00001620         -0.00000002          0.00222682         -0.00000017
         -0.89855259         -0.56530420         -0.00001422          0.85598572          0.59028640          0.00001414          0.04256687         -0.02498220          0.00000007
         -0.00001603         -0.00001422          0.17663270          0.00001565          0.00001457         -0.20454497          0.00000038         -0.00000035          0.02791227
          0.75782034          0.85598572          0.00001565         -0.81103919         -0.87504238         -0.00001653          0.05321885          0.01905666          0.00000089
          0.89632578          0.59028640          0.00001457         -0.87504238         -0.58482580         -0.00001447         -0.02128340         -0.00546059         -0.00000009
          0.00001620          0.00001414         -0.20454497         -0.00001653         -0.00001447          0.22990601          0.00000033          0.00000033         -0.02536104
         -0.00000002          0.04256687          0.00000038          0.05321885         -0.02128340          0.00000033         -0.05321883         -0.02128347         -0.00000071
          0.00222682         -0.02498220         -0.00000035          0.01905666         -0.00546059          0.00000033         -0.02128347          0.03044279          0.00000002
         -0.00000017          0.00000007          0.02791227          0.00000089         -0.00000009         -0.02536104         -0.00000071          0.00000002         -0.00255123
  
         -0.89855257         -0.61526861         -0.00001516          0.89632578          0.61526862          0.00001504          0.00222679         -0.00000001          0.00000012
         -0.61526861         -0.19526189         -0.00000967          0.59028640          0.17661907          0.00000888          0.02498222          0.01864282          0.00000079
         -0.00001516         -0.00000967          0.20783510          0.00001457          0.00000924         -0.19297314          0.00000059          0.00000043         -0.01486196
          0.89632578          0.59028640          0.00001457         -0.87504238         -0.58482580         -0.00001447         -0.02128340         -0.00546059         -0.00000009
          0.61526862          0.17661907          0.00000924         -0.58482580         -0.16729764         -0.00000863         -0.03044282         -0.00932143         -0.00000062
          0.00001504          0.00000888         -0.19297314         -0.00001447         -0.00000863          0.17484885         -0.00000056         -0.00000025          0.01812430
          0.00222679          0.02498222          0.00000059         -0.02128340         -0.03044282         -0.00000056          0.01905660          0.00546060         -0.00000002
         -0.00000001          0.01864282          0.00000043         -0.00546059         -0.00932143         -0.00000025          0.00546060         -0.00932139         -0.00000018
          0.00000012          0.00000079         -0.01486196         -0.00000009         -0.00000062          0.01812430         -0.00000002         -0.00000018         -0.00326234
  
         -0.00001641         -0.00001516          0.23245723          0.00001620          0.00001504         -0.23245724          0.00000021          0.00000012          0.00000002
         -0.00001516         -0.00000933          0.20783513          0.00001414          0.00000888         -0.17158651          0.00000101          0.00000045         -0.03624862
          0.23245723          0.20783513          0.00000995         -0.20454497         -0.19297314         -0.00000937         -0.02791226         -0.01486198         -0.00000059
          0.00001620          0.00001414         -0.20454497         -0.00001653         -0.00001447          0.22990601          0.00000033          0.00000033         -0.02536104
          0.00001504          0.00000888         -0.19297314         -0.00001447         -0.00000863          0.17484885         -0.00000056         -0.00000025          0.01812430
         -0.23245724         -0.17158651         -0.00000937          0.22990601          0.17484885          0.00000941          0.00255123         -0.00326234         -0.00000004
          0.00000021          0.00000101         -0.02791226          0.00000033         -0.00000056          0.00255123         -0.00000055         -0.00000045          0.02536103
          0.00000012          0.00000045         -0.01486198          0.00000033         -0.00000025         -0.00326234         -0.00000045         -0.00000020          0.01812432
          0.00000002         -0.03624862         -0.00000059         -0.02536104          0.01812430         -0.00000004          0.02536103          0.01812432          0.00000062
  
          0.75782271         -0.89855297          0.00000004         -0.00000002          0.00222679          0.00000021         -0.75782269          0.89632618         -0.00000025
         -0.89855297          0.56530278         -0.00000102          0.04256687          0.02498222          0.00000101          0.85598610         -0.59028500          0.00000001
          0.00000004         -0.00000102         -0.17663289          0.00000038          0.00000059         -0.02791226         -0.00000042          0.00000043          0.20454514
         -0.00000002          0.04256687          0.00000038          0.05321885         -0.02128340          0.00000033         -0.05321883         -0.02128347         -0.00000071
          0.00222679          0.02498222          0.00000059         -0.02128340         -0.03044282         -0.00000056          0.01905660          0.00546060         -0.00000002
          0.00000021          0.00000101         -0.02791226          0.00000033         -0.00000056          0.00255123         -0.00000055         -0.00000045          0.02536103
         -0.75782269          0.85598610         -0.00000042         -0.05321883          0.01905660         -0.00000055          0.81104152         -0.87504270          0.00000097
          0.89632618         -0.59028500          0.00000043         -0.02128347          0.00546060         -0.00000045         -0.87504270          0.58482440          0.00000002
         -0.00000025          0.00000001          0.20454514         -0.00000071         -0.00000002          0.02536103          0.00000097          0.00000002         -0.22990617
  
         -0.89855299          0.61526720         -0.00000008          0.00222682         -0.00000001          0.00000012          0.89632618         -0.61526719         -0.00000004
          0.61526720         -0.19526029         -0.00000120         -0.02498220          0.01864282          0.00000045         -0.59028500          0.17661747          0.00000075
         -0.00000008         -0.00000120          0.20783494         -0.00000035          0.00000043         -0.01486198          0.00000043          0.00000077         -0.19297296
          0.00222682         -0.02498220         -0.00000035          0.01905666         -0.00546059          0.00000033         -0.02128347          0.03044279          0.00000002
         -0.00000001          0.01864282          0.00000043         -0.00546059         -0.00932143         -0.00000025          0.00546060         -0.00932139         -0.00000018
          0.00000012          0.00000045         -0.01486198          0.00000033         -0.00000025         -0.00326234         -0.00000045         -0.00000020          0.01812432
          0.89632618         -0.59028500          0.00000043         -0.02128347          0.00546060         -0.00000045         -0.87504270          0.58482440          0.00000002
         -0.61526719          0.17661747          0.00000077          0.03044279         -0.00932139         -0.00000020          0.58482440         -0.16729608         -0.00000057
         -0.00000004          0.00000075         -0.19297296          0.00000002         -0.00000018          0.01812432          0.00000002         -0.00000057          0.17484864
  
          0.00000043         -0.00000008         -0.23245741         -0.00000017          0.00000012          0.00000002         -0.00000025         -0.00000004          0.23245740
         -0.00000008         -0.00000154          0.20783492          0.00000007          0.00000079         -0.03624862          0.00000001          0.00000075         -0.17158630
         -0.23245741          0.20783492          0.00000112          0.02791227         -0.01486196         -0.00000059          0.20454514         -0.19297296         -0.00000054
         -0.00000017          0.00000007          0.02791227          0.00000089         -0.00000009         -0.02536104         -0.00000071          0.00000002         -0.00255123
          0.00000012          0.00000079         -0.01486196         -0.00000009         -0.00000062          0.01812430         -0.00000002         -0.00000018         -0.00326234
          0.00000002         -0.03624862         -0.00000059         -0.02536104          0.01812430         -0.00000004          0.02536103          0.01812432          0.00000062
         -0.00000025          0.00000001          0.20454514         -0.00000071         -0.00000002          0.02536103          0.00000097          0.00000002         -0.22990617
         -0.00000004          0.00000075         -0.19297296          0.00000002         -0.00000018          0.01812432          0.00000002         -0.00000057          0.17484864
          0.23245740         -0.17158630         -0.00000054         -0.00255123         -0.00326234          0.00000062         -0.22990617          0.17484864         -0.00000009
  
  
