 The eigenvectors (normal coordinates):

               Column   1     Column   2     Column   3     Column   4     Column   5
       1      -0.00158838    -0.00000001     0.00000000     0.00000001    -0.00000000
       2       0.00000001    -0.00113328    -0.00159813     0.00000001    -0.00000001
       3      -0.00000001    -0.00000001    -0.00000001     0.00000000     0.00585638
       4       0.01260426     0.01345723    -0.00954286    -0.00000017     0.00000002
       5       0.00965754     0.00899310     0.01268176    -0.00000016     0.00000006
       6       0.00000017     0.00000017     0.00000005     0.02333068     0.00000000
       7       0.01260450    -0.01345703     0.00954284    -0.00000001     0.00000002
       8      -0.00965767     0.00899293     0.01268177    -0.00000002     0.00000003
       9       0.00000000    -0.00000001     0.00000018    -0.00000000     0.00000000

               Column   6     Column   7     Column   8     Column   9
       1       0.00000000     0.00000714     0.00563660    -0.00005367
       2       0.00000001     0.00551894    -0.00000699     0.00000043
       3       0.00000000     0.00000000     0.00000000     0.00000000
       4       0.00000008     0.00000384     0.00364710     0.00999943
       5      -0.00000009     0.00552326     0.00258955    -0.01312012
       6       0.00000000     0.00000000     0.00000000     0.00000000
       7      -0.00000008     0.00000384     0.00364710     0.00999942
       8      -0.00000009     0.00551463    -0.00260354     0.01312099
       9       0.02333068    -0.00000000    -0.00000000     0.00000000
    ==== End of matrix output ====
                      
