  
         -0.00000208          1.78450345         -0.13278305         -0.73801577         -0.89186154         -0.00003552          0.73801901         -0.89186202         -0.00001873
          1.78450345          0.00000134          0.00001584         -0.89183356         -0.60347716         -0.00001520         -0.89183698          0.60347578          0.00000004
         -0.13278305          0.00001584         -0.00000006         -0.00003509         -0.00001164          0.23420974         -0.00001946         -0.00000329         -0.23421003
         -0.73801577         -0.89183356         -0.00003509          0.73793353          0.88735860          0.00001650         -0.00000005          0.00444948          0.00000022
         -0.89186154         -0.60347716         -0.00001164          0.88735860          0.60345361          0.00001503          0.00444951         -0.00000000         -0.00000019
         -0.00003552         -0.00001520          0.23420974          0.00001650          0.00001503         -0.23421030          0.00000059          0.00000041          0.00000000
          0.73801901         -0.89183698         -0.00001946         -0.00000005          0.00444951          0.00000059         -0.73794265          0.88735948         -0.00000077
         -0.89186202          0.60347578         -0.00000329          0.00444948         -0.00000000          0.00000041          0.88735948         -0.60345227          0.00000436
         -0.00001873          0.00000004         -0.23421003          0.00000022         -0.00000019          0.00000000         -0.00000077          0.00000436          0.23421017
  
          1.78450345          0.00000134          0.00001584         -0.89183356         -0.60347716         -0.00001520         -0.89183698          0.60347578          0.00000004
          0.00000134          0.33764640         -0.19555133         -0.55876399         -0.16945811         -0.00000926          0.55876408         -0.16945670         -0.00000164
          0.00001584         -0.19555133         -0.40772772         -0.00001420         -0.00000953          0.20144561         -0.00000080         -0.00000129          0.20144541
         -0.89183356         -0.55876399         -0.00001420          0.85244906          0.58110223          0.00001406          0.03935628         -0.02235056          0.00000005
         -0.60347716         -0.16945811         -0.00000953          0.58110223          0.15716425          0.00000863          0.02235059          0.01228919          0.00000066
         -0.00001520         -0.00000926          0.20144561          0.00001406          0.00000863         -0.16974560          0.00000092          0.00000034         -0.03170371
         -0.89183698          0.55876408         -0.00000080          0.03935628          0.02235059          0.00000092          0.85245423         -0.58110111          0.00000050
          0.60347578         -0.16945670         -0.00000129         -0.02235056          0.01228919          0.00000034         -0.58110111          0.15716304         -0.00000091
          0.00000004         -0.00000164          0.20144541          0.00000005          0.00000066         -0.03170371          0.00000050         -0.00000091         -0.16974591
  
         -0.13278305          0.00001584         -0.00000006         -0.00003509         -0.00001164          0.23420974         -0.00001946         -0.00000329         -0.23421003
          0.00001584         -0.19555133         -0.40772772         -0.00001420         -0.00000953          0.20144561         -0.00000080         -0.00000129          0.20144541
         -0.00000006         -0.40772772         -0.00001075          0.18016082          0.20144913          0.00000983         -0.18016233          0.20144887          0.00000084
         -0.00003509         -0.00001420          0.18016082          0.00001552          0.00001444         -0.20718627          0.00000034         -0.00000032          0.02702454
         -0.00001164         -0.00000953          0.20144913          0.00001444          0.00000895         -0.19045200          0.00000054          0.00000030         -0.01099714
          0.23420974          0.20144561          0.00000983         -0.20718627         -0.19045200         -0.00000935         -0.02702450         -0.01099717         -0.00000049
         -0.00001946         -0.00000080         -0.18016233          0.00000034          0.00000054         -0.02702450         -0.00000030         -0.00000025          0.20718865
         -0.00000329         -0.00000129          0.20144887         -0.00000032          0.00000030         -0.01099717         -0.00000025          0.00000087         -0.19045528
         -0.23421003          0.20144541          0.00000084          0.02702454         -0.01099714         -0.00000049          0.20718865         -0.19045528         -0.00000038
  
         -0.73801577         -0.89183356         -0.00003509          0.73793353          0.88735860          0.00001650         -0.00000005          0.00444948          0.00000022
         -0.89183356         -0.55876399         -0.00001420          0.85244906          0.58110223          0.00001406          0.03935628         -0.02235056          0.00000005
         -0.00003509         -0.00001420          0.18016082          0.00001552          0.00001444         -0.20718627          0.00000034         -0.00000032          0.02702454
          0.73793353          0.85244906          0.00001552         -0.79104269         -0.86767818         -0.00001635          0.05311132          0.01522853          0.00000083
          0.88735860          0.58110223          0.00001444         -0.86767818         -0.57578872         -0.00001436         -0.01967815         -0.00531379         -0.00000008
          0.00001650          0.00001406         -0.20718627         -0.00001635         -0.00001436          0.23126859          0.00000034          0.00000030         -0.02408359
         -0.00000005          0.03935628          0.00000034          0.05311132         -0.01967815          0.00000034         -0.05311153         -0.01967826         -0.00000069
          0.00444948         -0.02235056         -0.00000032          0.01522853         -0.00531379          0.00000030         -0.01967826          0.02766433          0.00000007
          0.00000022          0.00000005          0.02702454          0.00000083         -0.00000008         -0.02408359         -0.00000069          0.00000007         -0.00294101
  
         -0.89186154         -0.60347716         -0.00001164          0.88735860          0.60345361          0.00001503          0.00444951         -0.00000000         -0.00000019
         -0.60347716         -0.16945811         -0.00000953          0.58110223          0.15716425          0.00000863          0.02235059          0.01228919          0.00000066
         -0.00001164         -0.00000953          0.20144913          0.00001444          0.00000895         -0.19045200          0.00000054          0.00000030         -0.01099714
          0.88735860          0.58110223          0.00001444         -0.86767818         -0.57578872         -0.00001436         -0.01967815         -0.00531379         -0.00000008
          0.60345361          0.15716425          0.00000895         -0.57578872         -0.15101970         -0.00000842         -0.02766431         -0.00614459         -0.00000053
          0.00001503          0.00000863         -0.19045200         -0.00001436         -0.00000842          0.17459877         -0.00000052         -0.00000019          0.01585183
          0.00444951          0.02235059          0.00000054         -0.01967815         -0.02766431         -0.00000052          0.01522891          0.00531376         -0.00000003
         -0.00000000          0.01228919          0.00000030         -0.00531379         -0.00614459         -0.00000019          0.00531376         -0.00614456         -0.00000023
         -0.00000019          0.00000066         -0.01099714         -0.00000008         -0.00000053          0.01585183         -0.00000003         -0.00000023         -0.00485459
  
         -0.00003552         -0.00001520          0.23420974          0.00001650          0.00001503         -0.23421030          0.00000059          0.00000041          0.00000000
         -0.00001520         -0.00000926          0.20144561          0.00001406          0.00000863         -0.16974560          0.00000092          0.00000034         -0.03170371
          0.23420974          0.20144561          0.00000983         -0.20718627         -0.19045200         -0.00000935         -0.02702450         -0.01099717         -0.00000049
          0.00001650          0.00001406         -0.20718627         -0.00001635         -0.00001436          0.23126859          0.00000034          0.00000030         -0.02408359
          0.00001503          0.00000863         -0.19045200         -0.00001436         -0.00000842          0.17459877         -0.00000052         -0.00000019          0.01585183
         -0.23421030         -0.16974560         -0.00000935          0.23126859          0.17459877          0.00000943          0.00294097         -0.00485465         -0.00000007
          0.00000059          0.00000092         -0.02702450          0.00000034         -0.00000052          0.00294097         -0.00000056         -0.00000041          0.02408358
          0.00000041          0.00000034         -0.01099717          0.00000030         -0.00000019         -0.00485465         -0.00000041         -0.00000014          0.01585166
          0.00000000         -0.03170371         -0.00000049         -0.02408359          0.01585183         -0.00000007          0.02408358          0.01585166          0.00000055
  
          0.73801901         -0.89183698         -0.00001946         -0.00000005          0.00444951          0.00000059         -0.73794265          0.88735948         -0.00000077
         -0.89183698          0.55876408         -0.00000080          0.03935628          0.02235059          0.00000092          0.85245423         -0.58110111          0.00000050
         -0.00001946         -0.00000080         -0.18016233          0.00000034          0.00000054         -0.02702450         -0.00000030         -0.00000025          0.20718865
         -0.00000005          0.03935628          0.00000034          0.05311132         -0.01967815          0.00000034         -0.05311153         -0.01967826         -0.00000069
          0.00444951          0.02235059          0.00000054         -0.01967815         -0.02766431         -0.00000052          0.01522891          0.00531376         -0.00000003
          0.00000059          0.00000092         -0.02702450          0.00000034         -0.00000052          0.00294097         -0.00000056         -0.00000041          0.02408358
         -0.73794265          0.85245423         -0.00000030         -0.05311153          0.01522891         -0.00000056          0.79099393         -0.86767956          0.00000398
          0.88735948         -0.58110111         -0.00000025         -0.01967826          0.00531376         -0.00000041         -0.86767956          0.57576990         -0.00004479
         -0.00000077          0.00000050          0.20718865         -0.00000069         -0.00000003          0.02408358          0.00000398         -0.00004479         -0.23121417
  
         -0.89186202          0.60347578         -0.00000329          0.00444948         -0.00000000          0.00000041          0.88735948         -0.60345227          0.00000436
          0.60347578         -0.16945670         -0.00000129         -0.02235056          0.01228919          0.00000034         -0.58110111          0.15716304         -0.00000091
         -0.00000329         -0.00000129          0.20144887         -0.00000032          0.00000030         -0.01099717         -0.00000025          0.00000087         -0.19045528
          0.00444948         -0.02235056         -0.00000032          0.01522853         -0.00531379          0.00000030         -0.01967826          0.02766433          0.00000007
         -0.00000000          0.01228919          0.00000030         -0.00531379         -0.00614459         -0.00000019          0.00531376         -0.00614456         -0.00000023
          0.00000041          0.00000034         -0.01099717          0.00000030         -0.00000019         -0.00485465         -0.00000041         -0.00000014          0.01585166
          0.88735948         -0.58110111         -0.00000025         -0.01967826          0.00531376         -0.00000041         -0.86767956          0.57576990         -0.00004479
         -0.60345227          0.15716304          0.00000087          0.02766433         -0.00614456         -0.00000014          0.57576990         -0.15101913          0.00002570
          0.00000436         -0.00000091         -0.19045528          0.00000007         -0.00000023          0.01585166         -0.00004479          0.00002570          0.17455471
  
         -0.00001873          0.00000004         -0.23421003          0.00000022         -0.00000019          0.00000000         -0.00000077          0.00000436          0.23421017
          0.00000004         -0.00000164          0.20144541          0.00000005          0.00000066         -0.03170371          0.00000050         -0.00000091         -0.16974591
         -0.23421003          0.20144541          0.00000084          0.02702454         -0.01099714         -0.00000049          0.20718865         -0.19045528         -0.00000038
          0.00000022          0.00000005          0.02702454          0.00000083         -0.00000008         -0.02408359         -0.00000069          0.00000007         -0.00294101
         -0.00000019          0.00000066         -0.01099714         -0.00000008         -0.00000053          0.01585183         -0.00000003         -0.00000023         -0.00485459
          0.00000000         -0.03170371         -0.00000049         -0.02408359          0.01585183         -0.00000007          0.02408358          0.01585166          0.00000055
         -0.00000077          0.00000050          0.20718865         -0.00000069         -0.00000003          0.02408358          0.00000398         -0.00004479         -0.23121417
          0.00000436         -0.00000091         -0.19045528          0.00000007         -0.00000023          0.01585166         -0.00004479          0.00002570          0.17455471
          0.23421017         -0.16974591         -0.00000038         -0.00294101         -0.00485459          0.00000055         -0.23121417          0.17455471         -0.00000014
  
  
