0.13314	0	0	0	0	0	0	0	0	0	0	0
0.035292	0.480281	0	0	0	0	0	0	0	0	0	0
0.246501	0.061137	0.685838	0	0	0	0	0	0	0	0	0
-0.046751	0.005398	-0.001663	0.133247	0	0	0	0	0	0	0	0
0.005323	-0.377371	-0.077082	0.034768	0.481447	0	0	0	0	0	0	0
0.001732	0.076916	-0.114148	-0.243332	-0.059691	0.679499	0	0	0	0	0	0
-0.087186	-0.042047	-0.241562	0.000822	0.001386	0.003227	0.085712	0	0	0	0	0
-0.01951	-0.065611	-0.037737	-0.021133	-0.037431	-0.053846	0.043281	0.100169	0	0	0	0
-0.243368	-0.118571	-0.574132	0.004841	0.019609	0.002398	0.238425	0.095252	0.565895	0	0	0
0.000797	0.001357	-0.003275	-0.087318	-0.041477	0.238372	0.000651	-0.002638	0.000102	0.08587	0	0
-0.021105	-0.037299	0.053682	-0.019034	-0.066645	0.036621	-0.002619	0.002873	0.003709	0.042758	0.10107	0
-0.004865	-0.019482	0.002442	0.240154	0.117163	-0.567748	-0.000089	-0.00367	0.00584	-0.235199	-0.094012	0.559466

