7.469016 0 0 0 0 0 0 0 0 0 0 0 	
-0.481552   -1.703079 0 0 0 0 0 0 0 0 0 0 	
0.398541   -1.095671    6.687628 0 0 0 0 0 0 0 0 0 		
-5.664396    0.312349   -0.071138    6.947477 0 0 0 0 0 0 0 0 	
0.303050    4.509347   -0.950707   -0.472131   -1.702467 0 0 0 0 0 0 0 	
-0.708858    0.950185   -4.993689    0.384582    1.095966    6.689922 0 0 0 0 0 0  		
-3.312011    0.125658   -0.235765    1.555562    0.050919    0.656854	 3.054580 0 0 0 0 0 
0.520002   -2.762327    1.232936   -0.350688   -0.043899   -0.812936	 -0.151583    2.837818 0 0 0 0 
-0.210206    0.277085   -1.848210    0.109895    0.131670    0.154156	 0.096651   -0.414376    1.682807 0 0 0 	
1.507391    0.043545   -0.052760   -2.838665    0.118162   -0.367508	 -1.298130   -0.017731    0.003660    2.629404 0 0 
-0.341500   -0.043941    0.813441    0.510470   -2.762981   -1.233215	 -0.024993   -0.031591    0.005622   -0.143977    2.838513 0 
0.520523   -0.131598    0.154271   -0.419390   -0.276929   -1.850389	 -0.517741   -0.005624    0.011248    0.416608    0.414151    1.684870

