0	0	0	0	0	0	0	0	0
0	0	0	0	0	0	0	0	0
0	0	0	0	0	0	0	0	0
0	0	0	0	0	0	0	0	0
0	0	0	0	0	0	0	0	0
0	0	0	0	0	0	0	0	0
0	0	0	0	0	0	0	0	0
0	0	0	0	0	0	0	0	0
0	0	0	0	0	0	0	0	0
0	0	0	0	0	0	0	0	0
0	0	0	0	0	0	0	0	0
0	0	0	0	0	0	0	0	0
136.89	-5.394	-9.21	-1.691	0.252	-6.393	-1.436	-6.749	2.286
-2.917	-2.804	-1.75	-0.144	-0.452	0.418	-0.11	0.393	-0.659
-25.89	4.641	-3.062	1.737	1.401	1.405	0.456	1.381	-1.006
-30.511	-6.352	3.134	0.977	1.131	1.13	0.405	1.15	-1.325
-1.107	0.07	0.459	-0.235	-0.084	-0.183	-0.085	-0.156	0.075
-23.392	7.811	1.401	0.492	1.278	1.732	0.163	1.989	-1.95
22.297	3.684	-1.833	0.21	-1.498	-0.785	0.033	-0.745	0.371
110.556	4.55	-9.1	1.614	1.274	6.706	-1.571	7.041	1.248
-27.316	-4.983	-3.093	-1.81	1.481	-1.459	0.479	-1.432	-1.073
-28.461	6.688	3.022	-0.893	1.048	-1.047	0.36	-1.071	-1.251
-0.938	-0.023	0.429	0.238	-0.081	0.181	-0.089	0.154	0.076
-23.118	-7.709	1.512	-0.479	1.249	-1.707	0.168	-1.961	-1.911

