  
          0.48120674         -0.05219826          0.06048264
         -0.05219615          0.36704990         -0.02348624
          0.06048246         -0.02348535          0.37399437
         -0.05554708          0.09196647         -0.05268108
          0.07824203         -0.17293845          0.03227314
         -0.04258800          0.03452851         -0.17893417
         -0.23188075          0.03313897          0.05285590
          0.03313878         -0.15940929         -0.02052498
          0.03683618         -0.01430353         -0.01612887
         -0.19377905         -0.07290791         -0.06065560
         -0.05918305         -0.03470570          0.01173858
         -0.05472907          0.00326139         -0.17893371
  
