  
          0.71623508         -0.01167693          0.10337129
         -0.12811763          0.34117830         -0.16738176
          0.23833939         -0.16737116          0.19082780
         -0.38259968         -0.15256240          0.04136305
         -0.01604223         -0.13263811          0.11160815
         -0.05834875          0.08843444         -0.04041098
         -0.15346379          0.04751384         -0.09005262
          0.04486443         -0.02491115          0.05043681
         -0.12155070          0.06256809         -0.13576728
         -0.18018106          0.11675500         -0.05472683
          0.09934822         -0.18353569          0.00531726
         -0.05845953          0.01635873         -0.01468545
  
         -0.12811763          0.34117830         -0.16738176
          0.04120446         -0.28264873         -0.26270808
         -0.16739497         -0.12774465         -0.07415933
          0.01037454         -0.13718063          0.11038755
         -0.01369536         -0.03480926          0.07312201
          0.01647994          0.05612427         -0.02242553
          0.04100555         -0.03484758          0.05043571
         -0.04167162          0.02825830          0.02024724
          0.06256842          0.01527873          0.05272004
          0.07679243         -0.16906013          0.00653886
          0.01419441          0.28895875          0.16921009
          0.08831154          0.05623522          0.04382019
  
          0.23833939         -0.16737116          0.19082780
         -0.16739497         -0.12774465         -0.07415933
         -0.10916244          0.04230023          0.45115757
         -0.07571290          0.08253939         -0.05207085
          0.01180688          0.05836029         -0.02019870
         -0.00425280         -0.00409140         -0.03950484
         -0.10101419          0.05762066         -0.11400339
          0.05762011          0.02499708          0.04426884
          0.11368032         -0.04414330         -0.37187494
         -0.06163294          0.02720087         -0.02479265
          0.09793264          0.04428017          0.05004413
         -0.00037808          0.00588824         -0.03950431
  
         -0.38259968         -0.15256240          0.04136305
          0.01037454         -0.13718063          0.11038755
         -0.07571290          0.08253939         -0.05207085
          0.23002059          0.06946709         -0.00437633
         -0.03153255          0.03244931         -0.04635226
          0.05494338         -0.03822879          0.00883900
          0.08060412          0.02239825         -0.05429198
          0.02003236          0.00823783         -0.05681188
          0.01819049         -0.02300630          0.04402090
          0.07197621          0.06069956          0.01730372
          0.00112876          0.09649515         -0.00722496
          0.00257823         -0.02130545         -0.00079037
  
         -0.01604223         -0.13263811          0.11160815
         -0.01369536         -0.03480926          0.07312201
          0.01180688          0.05836029         -0.02019870
         -0.03153255          0.03244931         -0.04635226
          0.03556279          0.05114361         -0.05529684
          0.01830305         -0.01787982          0.00553752
          0.02425162          0.01231621         -0.05367286
          0.01077660          0.05964120         -0.01456404
         -0.00707542          0.00468170          0.01696625
          0.02332531          0.08787540         -0.01158398
         -0.03264112         -0.07597441         -0.00326188
         -0.02303501         -0.04516224         -0.00230578
  
         -0.05834875          0.08843444         -0.04041098
          0.01647994          0.05612427         -0.02242553
         -0.00425280         -0.00409140         -0.03950484
          0.05494338         -0.03822879          0.00883900
          0.01830305         -0.01787982          0.00553752
          0.05828909          0.04781929         -0.01096828
          0.00048821         -0.02754114          0.03059894
         -0.01384842          0.00725632          0.01465312
         -0.05950287         -0.04160547          0.10600354
          0.00291661         -0.02266516          0.00097281
         -0.02093544         -0.04550077          0.00223472
          0.00546630         -0.00212262         -0.05552902
  
         -0.15346379          0.04751384         -0.09005262
          0.04100555         -0.03484758          0.05043571
         -0.10101419          0.05762066         -0.11400339
          0.08060412          0.02239825         -0.05429198
          0.02425162          0.01231621         -0.05367286
          0.00048821         -0.02754114          0.03059894
          0.07277621         -0.03036928          0.12551990
         -0.02606055          0.00781364         -0.01990109
          0.07634208         -0.04214067          0.07071293
          0.00008216         -0.03954249          0.01882448
         -0.03919623          0.01471741          0.02313775
          0.02418301          0.01206107          0.01269071
  
          0.04486443         -0.02491115          0.05043681
         -0.04167162          0.02825830          0.02024724
          0.05762011          0.02499708          0.04426884
          0.02003236          0.00823783         -0.05681188
          0.01077660          0.05964120         -0.01456404
         -0.01384842          0.00725632          0.01465312
         -0.02606055          0.00781364         -0.01990109
          0.01891039         -0.00523294          0.08199840
         -0.04214008         -0.01581476         -0.02745890
         -0.03883588          0.00886006          0.02627630
          0.01198438         -0.08266661         -0.08768080
         -0.00163174         -0.01643963         -0.03146278
  
         -0.12155070          0.06256809         -0.13576728
          0.06256842          0.01527873          0.05272004
          0.11368032         -0.04414330         -0.37187494
          0.01819049         -0.02300630          0.04402090
         -0.00707542          0.00468170          0.01696625
         -0.05950287         -0.04160547          0.10600354
          0.07634208         -0.04214067          0.07071293
         -0.04214008         -0.01581476         -0.02745890
         -0.03834840          0.01489087          0.15987714
          0.02701788          0.00257828          0.02103406
         -0.01335306         -0.00414701         -0.04222747
         -0.01583107          0.07085867          0.10600305
  
         -0.18018106          0.11675500         -0.05472683
          0.07679243         -0.16906013          0.00653886
         -0.06163294          0.02720087         -0.02479265
          0.07197621          0.06069956          0.01730372
          0.02332531          0.08787540         -0.01158398
          0.00291661         -0.02266516          0.00097281
          0.00008216         -0.03954249          0.01882448
         -0.03883588          0.00886006          0.02627630
          0.02701788          0.00257828          0.02103406
          0.10812316         -0.13791081          0.01860074
         -0.06128075          0.07232658         -0.02123020
          0.03169991         -0.00711418          0.00278540
  
          0.09934822         -0.18353569          0.00531726
          0.01419441          0.28895875          0.16921009
          0.09793264          0.04428017          0.05004413
          0.00112876          0.09649515         -0.00722496
         -0.03264112         -0.07597441         -0.00326188
         -0.02093544         -0.04550077          0.00223472
         -0.03919623          0.01471741          0.02313775
          0.01198438         -0.08266661         -0.08768080
         -0.01335306         -0.00414701         -0.04222747
         -0.06128075          0.07232658         -0.02123020
          0.00646268         -0.13032144         -0.07826991
         -0.06364478          0.00536600         -0.01005170
  
         -0.05845953          0.01635873         -0.01468545
          0.08831154          0.05623522          0.04382019
         -0.00037808          0.00588824         -0.03950431
          0.00257823         -0.02130545         -0.00079037
         -0.02303501         -0.04516224         -0.00230578
          0.00546630         -0.00212262         -0.05552902
          0.02418301          0.01206107          0.01269071
         -0.00163174         -0.01643963         -0.03146278
         -0.01583107          0.07085867          0.10600305
          0.03169991         -0.00711418          0.00278540
         -0.06364478          0.00536600         -0.01005170
          0.01074244         -0.07462558         -0.01096972
  
  
