  
          2.77896587          0.00000000         -0.00000000         -2.77896587         -0.00000000          0.00000000
          0.00000000         -0.42763438         -0.00000000         -0.00000000          0.42763438          0.00000000
         -0.00000000         -0.00000000         -0.42763438          0.00000000          0.00000000          0.42763438
         -2.77896587         -0.00000000          0.00000000          2.77896587          0.00000000         -0.00000000
         -0.00000000          0.42763438          0.00000000          0.00000000         -0.42763438         -0.00000000
          0.00000000          0.00000000          0.42763438         -0.00000000         -0.00000000         -0.42763438
  
          0.00000000         -0.42763438         -0.00000000         -0.00000000          0.42763438          0.00000000
         -0.42763438         -0.00000000         -0.00000000          0.42763438          0.00000000          0.00000000
         -0.00000000         -0.00000000         -0.00000000          0.00000000          0.00000000          0.00000000
         -0.00000000          0.42763438          0.00000000          0.00000000         -0.42763438         -0.00000000
          0.42763438          0.00000000          0.00000000         -0.42763438         -0.00000000         -0.00000000
          0.00000000          0.00000000          0.00000000         -0.00000000         -0.00000000         -0.00000000
  
         -0.00000000         -0.00000000         -0.42763438          0.00000000          0.00000000          0.42763438
         -0.00000000         -0.00000000         -0.00000000          0.00000000          0.00000000          0.00000000
         -0.42763438         -0.00000000         -0.00000000          0.42763438          0.00000000          0.00000000
          0.00000000          0.00000000          0.42763438         -0.00000000         -0.00000000         -0.42763438
          0.00000000          0.00000000          0.00000000         -0.00000000         -0.00000000         -0.00000000
          0.42763438          0.00000000          0.00000000         -0.42763438         -0.00000000         -0.00000000
  
         -2.77896587         -0.00000000          0.00000000          2.77896587          0.00000000         -0.00000000
         -0.00000000          0.42763438          0.00000000          0.00000000         -0.42763438         -0.00000000
          0.00000000          0.00000000          0.42763438         -0.00000000         -0.00000000         -0.42763438
          2.77896587          0.00000000         -0.00000000         -2.77896587         -0.00000000          0.00000000
          0.00000000         -0.42763438         -0.00000000         -0.00000000          0.42763438          0.00000000
         -0.00000000         -0.00000000         -0.42763438          0.00000000          0.00000000          0.42763438
  
         -0.00000000          0.42763438          0.00000000          0.00000000         -0.42763438         -0.00000000
          0.42763438          0.00000000          0.00000000         -0.42763438         -0.00000000         -0.00000000
          0.00000000          0.00000000          0.00000000         -0.00000000         -0.00000000         -0.00000000
          0.00000000         -0.42763438         -0.00000000         -0.00000000          0.42763438          0.00000000
         -0.42763438         -0.00000000         -0.00000000          0.42763438          0.00000000          0.00000000
         -0.00000000         -0.00000000         -0.00000000          0.00000000          0.00000000          0.00000000
  
          0.00000000          0.00000000          0.42763438         -0.00000000         -0.00000000         -0.42763438
          0.00000000          0.00000000          0.00000000         -0.00000000         -0.00000000         -0.00000000
          0.42763438          0.00000000          0.00000000         -0.42763438         -0.00000000         -0.00000000
         -0.00000000         -0.00000000         -0.42763438          0.00000000          0.00000000          0.42763438
         -0.00000000         -0.00000000         -0.00000000          0.00000000          0.00000000          0.00000000
         -0.42763438         -0.00000000         -0.00000000          0.42763438          0.00000000          0.00000000
  
  
