  
         -0.11075841          0.00000000          0.00000000
         -0.00000000          0.01851172         -0.00000000
         -0.00000000          0.00000000          0.01851172
          0.11075841         -0.00000000         -0.00000000
          0.00000000         -0.01851172          0.00000000
          0.00000000         -0.00000000         -0.01851172
  
         -0.00000000          0.01851172         -0.00000000
          0.01851181         -0.00000000         -0.00000000
         -0.00000000         -0.00000000         -0.00000000
          0.00000000         -0.01851173          0.00000000
         -0.01851181          0.00000000          0.00000000
          0.00000000          0.00000000          0.00000000
  
         -0.00000000          0.00000000          0.01851172
         -0.00000000         -0.00000000         -0.00000000
          0.01851181         -0.00000000         -0.00000000
          0.00000000         -0.00000000         -0.01851173
          0.00000000          0.00000000          0.00000000
         -0.01851181          0.00000000          0.00000000
  
          0.11075841         -0.00000000         -0.00000000
          0.00000000         -0.01851173          0.00000000
          0.00000000         -0.00000000         -0.01851173
         -0.11075841          0.00000000          0.00000000
         -0.00000000          0.01851172         -0.00000000
         -0.00000000          0.00000000          0.01851172
  
          0.00000000         -0.01851172          0.00000000
         -0.01851181          0.00000000          0.00000000
          0.00000000          0.00000000          0.00000000
         -0.00000000          0.01851172         -0.00000000
          0.01851181         -0.00000000         -0.00000000
         -0.00000000         -0.00000000         -0.00000000
  
          0.00000000         -0.00000000         -0.01851172
          0.00000000          0.00000000          0.00000000
         -0.01851181          0.00000000          0.00000000
         -0.00000000          0.00000000          0.01851172
         -0.00000000         -0.00000000         -0.00000000
          0.01851181         -0.00000000         -0.00000000
  
  
