
  
         -6.62161583          0.00000000          0.00000000
          0.00000000         -0.34936680         -0.00000000
          0.00000000         -0.00000000         -0.34936680
  
          0.00000000         -2.06797367         -0.00000000
         -2.06797367          0.00000000          0.00000000
         -0.00000000          0.00000000          0.00000000
  
         -0.00000000          0.00000000         -2.06797367
          0.00000000         -0.00000000          0.00000000
         -2.06797367          0.00000000          0.00000000
  
          6.62161583         -0.00000000         -0.00000000
         -0.00000000          0.34936680          0.00000000
         -0.00000000          0.00000000          0.34936680
  
         -0.00000000          2.06797367          0.00000000
          2.06797367         -0.00000000         -0.00000000
          0.00000000         -0.00000000         -0.00000000
  
          0.00000000         -0.00000000          2.06797367
         -0.00000000          0.00000000         -0.00000000
          2.06797367         -0.00000000         -0.00000000
  
  
          0.00000000         -2.06797367         -0.00000000
         -2.06797367          0.00000000          0.00000000
         -0.00000000          0.00000000          0.00000000
  
         -2.25384980         -0.00000000         -0.00000000
         -0.00000000         -1.51267661         -0.00000000
         -0.00000000         -0.00000000         -0.62814107
  
          0.00000000         -0.00000000         -0.00000000
         -0.00000000          0.00000000         -0.44226777
         -0.00000000         -0.44226777         -0.00000000
  
         -0.00000000          2.06797403          0.00000000
          2.06797403         -0.00000000         -0.00000000
          0.00000000         -0.00000000         -0.00000000
  
          2.25384980          0.00000000          0.00000000
          0.00000000          1.51267661          0.00000000
          0.00000000          0.00000000          0.62814107
  
         -0.00000000          0.00000000          0.00000000
          0.00000000         -0.00000000          0.44226777
          0.00000000          0.44226777          0.00000000
  
  
         -0.00000000          0.00000000         -2.06797367
          0.00000000         -0.00000000          0.00000000
         -2.06797367          0.00000000          0.00000000
  
          0.00000000         -0.00000000         -0.00000000
         -0.00000000          0.00000000         -0.44226777
         -0.00000000         -0.44226777         -0.00000000
  
         -2.25384980         -0.00000000         -0.00000000
         -0.00000000         -0.62814107          0.00000000
         -0.00000000          0.00000000         -1.51267661
  
          0.00000000         -0.00000000          2.06797403
         -0.00000000          0.00000000         -0.00000000
          2.06797403         -0.00000000          0.00000000
  
          0.00000000          0.00000000          0.00000000
          0.00000000         -0.00000000          0.44226777
          0.00000000          0.44226777          0.00000000
  
          2.25384980          0.00000000          0.00000000
          0.00000000          0.62814107         -0.00000000
          0.00000000         -0.00000000          1.51267661
  
  
          6.62161583         -0.00000000         -0.00000000
         -0.00000000          0.34936680          0.00000000
         -0.00000000          0.00000000          0.34936680
  
         -0.00000000          2.06797403          0.00000000
          2.06797403         -0.00000000         -0.00000000
          0.00000000         -0.00000000         -0.00000000
  
          0.00000000         -0.00000000          2.06797403
         -0.00000000          0.00000000         -0.00000000
          2.06797403         -0.00000000          0.00000000
  
         -6.62161583          0.00000000          0.00000000
          0.00000000         -0.34936680         -0.00000000
          0.00000000         -0.00000000         -0.34936680
  
          0.00000000         -2.06797367         -0.00000000
         -2.06797367          0.00000000          0.00000000
         -0.00000000          0.00000000          0.00000000
  
         -0.00000000          0.00000000         -2.06797367
          0.00000000         -0.00000000          0.00000000
         -2.06797367          0.00000000          0.00000000
  
  
         -0.00000000          2.06797367          0.00000000
          2.06797367         -0.00000000         -0.00000000
          0.00000000         -0.00000000         -0.00000000
  
          2.25384980          0.00000000          0.00000000
          0.00000000          1.51267661          0.00000000
          0.00000000          0.00000000          0.62814107
  
          0.00000000          0.00000000          0.00000000
          0.00000000         -0.00000000          0.44226777
          0.00000000          0.44226777          0.00000000
  
          0.00000000         -2.06797367         -0.00000000
         -2.06797367          0.00000000          0.00000000
         -0.00000000          0.00000000          0.00000000
  
         -2.25384980         -0.00000000         -0.00000000
         -0.00000000         -1.51267661         -0.00000000
         -0.00000000         -0.00000000         -0.62814107
  
          0.00000000         -0.00000000         -0.00000000
         -0.00000000          0.00000000         -0.44226777
         -0.00000000         -0.44226777         -0.00000000
  
  
          0.00000000         -0.00000000          2.06797367
         -0.00000000          0.00000000         -0.00000000
          2.06797367         -0.00000000         -0.00000000
  
         -0.00000000          0.00000000          0.00000000
          0.00000000         -0.00000000          0.44226777
          0.00000000          0.44226777          0.00000000
  
          2.25384980          0.00000000          0.00000000
          0.00000000          0.62814107         -0.00000000
          0.00000000         -0.00000000          1.51267661
  
         -0.00000000          0.00000000         -2.06797367
          0.00000000         -0.00000000          0.00000000
         -2.06797367          0.00000000          0.00000000
  
          0.00000000         -0.00000000         -0.00000000
         -0.00000000          0.00000000         -0.44226777
         -0.00000000         -0.44226777         -0.00000000
  
         -2.25384980         -0.00000000         -0.00000000
         -0.00000000         -0.62814107          0.00000000
         -0.00000000          0.00000000         -1.51267661
  
  
  
