  
         -0.18057419         -0.16330540          0.14399541
         -0.16331116         -0.00000774          0.00000559
          0.14399390         -0.00000487          0.18057199
         -0.02403761         -0.01852355          0.01916453
          0.03851835         -0.00000077         -0.00000023
          0.01916508          0.00000022          0.02403957
          0.35197015          0.13577167         -0.07995338
          0.11675859          0.05455677         -0.03618786
         -0.06798900         -0.03618906          0.04385986
         -0.12975118          0.05436751         -0.13864075
          0.03535675         -0.03806180          0.08318672
         -0.09921814          0.08318551         -0.14638850
         -0.01759364         -0.00831047          0.05545492
         -0.02732447         -0.01649614         -0.04699802
          0.00406626         -0.04699814         -0.10209479
  
         -0.16331116         -0.00000774          0.00000559
         -0.00000544          0.32658334          0.00000140
          0.00000421         -0.00000838         -0.16329135
         -0.01852693         -0.00000080          0.00000019
         -0.00000120         -0.45293284          0.00000108
          0.00000028          0.00000062         -0.01852749
          0.13577406          0.00212167         -0.03618855
          0.05455421          0.04210520         -0.01244932
         -0.03618846         -0.00048402         -0.01454987
          0.05437122         -0.00148095          0.08318674
         -0.03805885          0.04210468         -0.04102112
          0.08318643         -0.00159671          0.06685343
         -0.00830947         -0.00064198         -0.04699861
         -0.01649527          0.04210449          0.05347043
         -0.04699771          0.00208143          0.12953473
  
          0.14399390         -0.00000487          0.18057199
          0.00000421         -0.00000838         -0.16329135
          0.18055567         -0.16329244         -0.14393272
          0.01916501          0.00000031          0.02403829
          0.00000023          0.00000075          0.03851825
          0.02403864         -0.01852381         -0.01916514
         -0.07995455         -0.03618805         -0.00857660
         -0.03618795         -0.01244943         -0.03356584
          0.04385546         -0.01455154         -0.01037410
         -0.13864531          0.08318643         -0.10980941
          0.08318617         -0.04102419          0.04783840
         -0.14638549          0.06685045         -0.15898827
          0.05545844         -0.04699941         -0.08623953
         -0.04699772          0.05347326          0.11051938
         -0.10209192          0.12953379          0.33250265
  
         -0.02403761         -0.01852355          0.01916453
         -0.01852693         -0.00000080          0.00000019
          0.01916501          0.00000031          0.02403829
          0.02338678          0.10456772         -0.01864602
          0.01831812          0.00000029         -0.00000003
         -0.01864586          0.00000015         -0.02338717
         -0.05723733         -0.06971424          0.00507035
         -0.01881017         -0.02548156          0.00908984
          0.00245180          0.01975664         -0.02319329
          0.04029825         -0.02527404          0.01710330
          0.00163606          0.01777739         -0.02089486
          0.00847488         -0.04541408          0.01581215
          0.01758953          0.00894503         -0.02269262
          0.01738005          0.00770548          0.01180507
         -0.01144544          0.02565761          0.00673040
  
          0.03851835         -0.00000077         -0.00000023
         -0.00000120         -0.45293284          0.00000108
          0.00000023          0.00000075          0.03851825
          0.01831812          0.00000029         -0.00000003
          0.00000061          0.19437097         -0.00000037
         -0.00000003         -0.00000013          0.01831845
         -0.03995840         -0.01074073          0.01011730
          0.04068871          0.08618680         -0.00928531
          0.01011725          0.00245103          0.00206772
         -0.01720093          0.00749371         -0.02325667
         -0.02838493          0.08618683         -0.03059457
         -0.02325644          0.00807663         -0.02069017
          0.00032275          0.00324820          0.01313946
         -0.01230270          0.08618665          0.03987925
          0.01313931         -0.01052836         -0.03821413
  
          0.01916508          0.00000022          0.02403957
          0.00000028          0.00000062         -0.01852749
          0.02403864         -0.01852381         -0.01916514
         -0.01864586          0.00000015         -0.02338717
         -0.00000003         -0.00000013          0.01831845
         -0.02338705          0.10456794          0.01864562
          0.00507047          0.01975652         -0.01171817
          0.00908967          0.00581491          0.01894773
         -0.02319330          0.01235221          0.01328404
          0.01710343         -0.04541409          0.00780671
         -0.02089469          0.01916076         -0.00149891
          0.01581193         -0.03208817          0.04337407
         -0.02269253          0.02565769          0.00326065
          0.01180491         -0.02497622         -0.01724315
          0.00673012         -0.06630748         -0.05613890
  
          0.35197015          0.13577167         -0.07995338
          0.13577406          0.00212167         -0.03618855
         -0.07995455         -0.03618805         -0.00857660
         -0.05723733         -0.06971424          0.00507035
         -0.03995840         -0.01074073          0.01011730
          0.00507047          0.01975652         -0.01171817
         -0.17149878         -0.05141106          0.02701530
         -0.02266161         -0.01362742          0.01021304
          0.00892394          0.01021301         -0.02721113
         -0.05026223         -0.01270987          0.00657131
         -0.05090358          0.01169269         -0.02251106
          0.06062797         -0.00944451          0.03276023
         -0.07297094         -0.00193771          0.04129714
         -0.02224958          0.01055395          0.03836945
          0.00533214          0.01566367          0.01474519
  
          0.11675859          0.05455677         -0.03618786
          0.05455421          0.04210520         -0.01244932
         -0.03618795         -0.01244943         -0.03356584
         -0.01881017         -0.02548156          0.00908984
          0.04068871          0.08618680         -0.00928531
          0.00908967          0.00581491          0.01894773
         -0.02266161         -0.01362742          0.01021304
         -0.09290631         -0.07410330          0.02120131
          0.01021323          0.00310981          0.01976265
         -0.05167410         -0.00963595         -0.02001383
         -0.00070631         -0.02709323          0.00229064
         -0.02138136         -0.00662280          0.01145787
         -0.02361321         -0.00580871          0.03689972
         -0.00162996         -0.02709322         -0.00175737
          0.03826737          0.01014761         -0.01660323
  
         -0.06798900         -0.03618906          0.04385986
         -0.03618846         -0.00048402         -0.01454987
          0.04385546         -0.01455154         -0.01037410
          0.00245180          0.01975664         -0.02319329
          0.01011725          0.00245103          0.00206772
         -0.02319330          0.01235221          0.01328404
          0.00892394          0.01021301         -0.02721113
          0.01021323          0.00310981          0.01976265
         -0.10649017         -0.00898714          0.03642208
          0.06777805         -0.00670964          0.00958371
         -0.02114371         -0.00004286          0.01068754
          0.03895148          0.01097901          0.03009039
         -0.01116427          0.01292873         -0.00303538
          0.03700230         -0.00503352         -0.01796689
          0.04687544          0.00020668         -0.06942283
  
         -0.12975118          0.05436751         -0.13864075
          0.05437122         -0.00148095          0.08318674
         -0.13864531          0.08318643         -0.10980941
          0.04029825         -0.02527404          0.01710330
         -0.01720093          0.00749371         -0.02325667
          0.01710343         -0.04541409          0.00780671
         -0.05026223         -0.01270987          0.00657131
         -0.05167410         -0.00963595         -0.02001383
          0.06777805         -0.00670964          0.00958371
          0.11514950         -0.02843836          0.08417243
          0.00031155          0.00950698         -0.02347687
          0.02456063         -0.02347684          0.02347625
          0.02456502          0.01205155          0.03079668
          0.01419252         -0.00588372         -0.01643991
          0.02920173         -0.00758663          0.06894239
  
          0.03535675         -0.03806180          0.08318672
         -0.03805885          0.04210468         -0.04102112
          0.08318617         -0.04102419          0.04783840
          0.00163606          0.01777739         -0.02089486
         -0.02838493          0.08618683         -0.03059457
         -0.02089469          0.01916076         -0.00149891
         -0.05090358          0.01169269         -0.02251106
         -0.00070631         -0.02709323          0.00229064
         -0.02114371         -0.00004286          0.01068754
          0.00031155          0.00950698         -0.02347687
          0.06481396         -0.07410418          0.06985903
         -0.02347695          0.01024727         -0.00321063
          0.01359938         -0.00091787         -0.01630445
          0.00233664         -0.02709327         -0.00053325
         -0.01767201          0.01165664         -0.05381611
  
         -0.09921814          0.08318551         -0.14638850
          0.08318643         -0.00159671          0.06685343
         -0.14638549          0.06685045         -0.15898827
          0.00847488         -0.04541408          0.01581215
         -0.02325644          0.00807663         -0.02069017
          0.01581193         -0.03208817          0.04337407
          0.06062797         -0.00944451          0.03276023
         -0.02138136         -0.00662280          0.01145787
          0.03895148          0.01097901          0.03009039
          0.02456063         -0.02347684          0.02347625
         -0.02347695          0.01024727         -0.00321063
          0.07878328         -0.03196056          0.12485434
          0.00555528         -0.00485167          0.07433853
         -0.01507247         -0.01010448         -0.05440944
          0.01284046         -0.01378270         -0.03933275
  
         -0.01759364         -0.00831047          0.05545492
         -0.00830947         -0.00064198         -0.04699861
          0.05545844         -0.04699941         -0.08623953
          0.01758953          0.00894503         -0.02269262
          0.00032275          0.00324820          0.01313946
         -0.02269253          0.02565769          0.00326065
         -0.07297094         -0.00193771          0.04129714
         -0.02361321         -0.00580871          0.03689972
         -0.01116427          0.01292873         -0.00303538
          0.02456502          0.01205155          0.03079668
          0.01359938         -0.00091787         -0.01630445
          0.00555528         -0.00485167          0.07433853
          0.04840981         -0.01074815         -0.10485718
          0.01800121          0.00412076          0.01326547
         -0.02715442          0.01326400          0.01167486
  
         -0.02732447         -0.01649614         -0.04699802
         -0.01649527          0.04210449          0.05347043
         -0.04699772          0.05347326          0.11051938
          0.01738005          0.00770548          0.01180507
         -0.01230270          0.08618665          0.03987925
          0.01180491         -0.02497622         -0.01724315
         -0.02224958          0.01055395          0.03836945
         -0.00162996         -0.02709322         -0.00175737
          0.03700230         -0.00503352         -0.01796689
          0.01419252         -0.00588372         -0.01643991
          0.00233664         -0.02709327         -0.00053325
         -0.01507247         -0.01010448         -0.05440944
          0.01800121          0.00412076          0.01326547
          0.02809211         -0.07410356         -0.09106018
          0.01326437         -0.01335711         -0.02090124
  
          0.00406626         -0.04699814         -0.10209479
         -0.04699771          0.00208143          0.12953473
         -0.10209192          0.12953379          0.33250265
         -0.01144544          0.02565761          0.00673040
          0.01313931         -0.01052836         -0.03821413
          0.00673012         -0.06630748         -0.05613890
          0.00533214          0.01566367          0.01474519
          0.03826737          0.01014761         -0.01660323
          0.04687544          0.00020668         -0.06942283
          0.02920173         -0.00758663          0.06894239
         -0.01767201          0.01165664         -0.05381611
          0.01284046         -0.01378270         -0.03933275
         -0.02715442          0.01326400          0.01167486
          0.01326437         -0.01335711         -0.02090124
          0.03564595         -0.04965063         -0.16760594
  
  
