 Anharmonic force constants (*,*,I):    1
 ----------------------------------------

Column	1	Column	2	Column	3	Column	4	Column	5
1	0.04227904	0	0	0	0				
2	0	0.0096417	0	0	0				
3	0	0	-0.0059863	0	0				
4	0	0	0	-0.00095151	0				
5	0	0	0	0	-0.00024356				
6	0	0	0	0	0				
7	0	0	0	0	0				
8	0	0	0	0	0				
9	0	0	0	0	0	
			
Column	6	Column	7	Column	8	Column	9		
1	0	0	0	0	0				
2	0	0	0	0	0				
3	0	0	0	0	0				
4	0	0	0	0	0				
5	0	0	0	0	0				
6	0.00005787	0	0	0					
7	0	-0.01990868	0	0					
8	0	0	-0.01052535	0					
9	0	0	0	-0.00612956		

			
Anharmonic	force	constants	(*,*,I):	2					
----------------------------------------									
									
Column	1	Column	2	Column	3	Column	4	Column	5
1	-0.00696078	0	0	0	0				
2	0	-0.00934136	0	0	0				
3	0	0	0.01090252	0	0				
4	0	0	0	-0.00129852	0				
5	0	0	0	0	-0.00078123				
6	0	0	0	0	0	0			
7	0	0	0	0	0	0			
8	0	0	0	0	0	0			
9	0	0	0	0	0	0
			
Column	6	Column	7	Column	8	Column	9		
1	0	0	0	0	0				
2	0	0	0	0	0				
3	0	0	0	0	0				
4	0	0	0	0	0				
5	0	0	0	0	0				
6	0.00426572	0	0	0					
7	0	0.00289247	0	0					
8	0	0	-0.00048683	0					
9	0	0	0	0.00082566					
			
						
Anharmonic	force	constants	(*,*,I):	3					
----------------------------------------									
									
Column	1	Column	2	Column	3	Column	4	Column	5
1	0.00213723	0	0	0	0				
2	0	0.00903508	0	0	0				
3	0	0	0.00977578	0	0				
4	0	0	0	-0.01224471	0				
5	0	0	0	0	0.00072274				
6	0	0	0	0	0	0			
7	0	0	0	0	0	0			
8	0	0	0	0	0	0			
9	0	0	0	0	0	0
			
Column	6	Column	7	Column	8	Column	9		
1	0	0	0	0	0				
2	0	0	0	0	0				
3	0	0	0	0	0				
4	0	0	0	0	0				
5	0	0	0	0	0				
6	-0.01414756	0	0	0					
7	0	-0.00009282	0	0					
8	0	0	0.00291536	0					
9	0	0	0	-0.00161834					
	
								
Anharmonic	force	constants	(*,*,I):	4					
----------------------------------------									
									
Column	1	Column	2	Column	3	Column	4	Column	5
1	0.00870604	0	0	0	0				
2	0	0.0233315	0	0	0				
3	0	0	0.00451524	0	0				
4	0	0	0	-0.00559449	0				
5	0	0	0	0	-0.0224294				
6	0	0	0	0	0		0		
7	0	0	0	0	0		0		
8	0	0	0	0	0		0		
9	0	0	0	0	0		0
		
Column	6	Column	7	Column	8	Column	9		
1	0	0	0	0	0				
2	0	0	0	0	0				
3	0	0	0	0	0				
4	0	0	0	0	0				
5	0	0	0	0	0				
6	0.00143259	0	0	0					
7	0	0.00297506	0	0					
8	0	0	-0.01009947	0					
9	0	0	0	-0.00097712					
									
Anharmonic	force	constants	(*,*,I):	5					
----------------------------------------									
					
				
Column	1	Column	2	Column	3	Column	4	Column	5
1	0.0002948	0	0	0	0				
2	0	-0.00787351	0	0	0				
3	0	0	-0.00266391	0	0				
4	0	0	0	0.0151751	0				
5	0	0	0	0	0.00123709				
6	0	0	0	0	0	0			
7	0	0	0	0	0	0			
8	0	0	0	0	0	0			
9	0	0	0	0	0	0			
									
Column	6	Column	7	Column	8	Column	9		
1	0	0	0	0	0				
2	0	0	0	0	0				
3	0	0	0	0	0				
4	0	0	0	0	0				
5	0	0	0	0	0				
6	-0.00023835	0	0	0					
7	0	0.00334847	0	0					
8	0	0	-0.00781419	0					
9	0	0	0	-0.00146077					
									
Anharmonic	force	constants	(*,*,I):	6					
----------------------------------------									

									
Column	1	Column	2	Column	3	Column	4	Column	5
1	-0.00575216	0	0	0	0				
2	0	-0.00582799	0	0	0				
3	0	0	-0.00417884	0	0				
4	0	0	0	0.01233484	0				
5	0	0	0	0	0.01971463				
6	0	0	0	0	0	0			
7	0	0	0	0	0	0			
8	0	0	0	0	0	0			
9	0	0	0	0	0	0
			
Column	6	Column	7	Column	8	Column	9		
1	0	0	0	0	0				
2	0	0	0	0	0				
3	0	0	0	0	0				
4	0	0	0	0	0				
5	0	0	0	0	0				
6	0.00192606	0	0	0					
7	0	-0.0005266	0	0					
8	0	0	-0.01261152	0					
9	0	0	0	-0.00171057					
									
Anharmonic	force	constants	(*,*,I):	7					
----------------------------------------									
				
					
Column	1	Column	2	Column	3	Column	4	Column	5
1	0.00134824	0	0	0	0				
2	0	-0.00294145	0	0	0				
3	0	0	0.00091459	0	0				
4	0	0	0	-0.00346839	0				
5	0	0	0	0	-0.00116544				
6	0	0	0	0	0	0			
7	0	0	0	0	0	0			
8	0	0	0	0	0	0			
9	0	0	0	0	0	0			
									
Column	6	Column	7	Column	8	Column	9		
1	0	0	0	0	0				
2	0	0	0	0	0				
3	0	0	0	0	0				
4	0	0	0	0	0				
5	0	0	0	0	0				
6	0.00560721	0	0	0					
7	0	-0.00007484	0	0					
8	0	0	-0.0001559	0					
9	0	0	0	-0.00015654					
				
									
Anharmonic	force	constants	(*,*,I):	8					
----------------------------------------									
									
Column	1	Column	2	Column	3	Column	4	Column	5
1	0.00272771	0	0	0	0				
2	0	-0.00078936	0	0	0				
3	0	0	0.00072084	0	0				
4	0	0	0	0.00435861	0				
5	0	0	0	0	-0.00403754				
6	0	0	0	0	0	0			
7	0	0	0	0	0	0			
8	0	0	0	0	0	0			
9	0	0	0	0	0	0			
									
Column	6	Column	7	Column	8	Column	9		
1	0	0	0	0	0				
2	0	0	0	0	0				
3	0	0	0	0	0				
4	0	0	0	0	0				
5	0	0	0	0	0				
6	-0.00354417	0	0	0					
7	0	0.03299009	0	0					
8	0	0	-0.03259116	0					
0	0	0	0.00022692						
Err:510	End	of	matrix	output	Err:510				
									
Anharmonic	force	constants	(*,*,I):	9					
----------------------------------------									
									
Column	1	Column	2	Column	3	Column	4	Column	5
1	0.01007702	0	0	0	0				
2	0	-0.00282855	0	0	0				
3	0	0	-0.00127123	0	0				
4	0	0	0	-0.00329969	0				
5	0	0	0	0	-0.00555196				
6	0	0	0	0	0	0			
7	0	0	0	0	0	0			
8	0	0	0	0	0	0			
9	0	0	0	0	0	0			
																		
Column	6	Column	7	Column	8	Column	9		
1	0	0	0	0	0				
2	0	0	0	0	0				
3	0	0	0	0	0				
4	0	0	0	0	0				
5	0	0	0	0     0									
6	-0.0034849	0	0	0	0				
7	0	-0.01873904	0	0	0				
8	0	0	-0.01856518	0	0				
9	0	0	0	0.02590006	0				

