0.59656222	0.00000001	-0.0000002	-0.05423582	-0.0000009	0.00000007	-0.29479116	-0.08723371	0.0548949	-0.1713072	0.06085725	-0.1261852	-0.07622805	0.02637734	0.07129044
0.00000001	0.59655709	0.00000004	-0.0000009	-0.33894893	0.00000052	-0.08723379	-0.08586876	0.01990689	0.06085729	-0.08586952	0.06559401	0.02637739	-0.08586988	-0.08550147
-0.0000002	0.00000004	0.59655726	0.00000004	0.00000052	-0.05423454	0.05489475	0.01990688	-0.06676152	-0.12618506	0.06559397	-0.19024093	0.07129049	-0.08550141	-0.28532027
-0.05423582	-0.0000009	0.00000004	0.05176343	0.000001	-0.00000002	0.00265067	-0.03511638	-0.00087919	0.00067224	0.0244981	0.00202095	-0.00085047	0.01061817	-0.00114179
-0.0000009	-0.33894893	0.00000052	0.000001	0.36855349	-0.00000059	0.00004412	-0.00986806	-0.00001006	-0.00003084	-0.00986821	-0.00003319	-0.00001338	-0.00986828	0.00004331
0.00000007	0.00000052	-0.05423454	-0.00000002	-0.00000059	0.05176309	-0.00087922	0.00801361	-0.00100221	0.00202105	0.02640486	0.00097538	-0.0011419	-0.0344184	0.00249828
-0.29479116	-0.08723379	0.05489475	0.00265067	0.00004412	-0.00087922	0.31941942	0.09706154	-0.06107926	-0.01975689	-0.00761739	0.00554989	-0.00752205	-0.00225448	0.00151384
-0.08723371	-0.08586876	0.01990688	-0.03511638	-0.00986806	0.00801361	0.09706154	0.08696129	-0.02214961	0.012279	0.00438775	-0.00448596	0.01300954	0.00438778	-0.00128492
0.0548949	0.01990689	-0.06676152	-0.00087919	-0.00001006	-0.00100221	-0.06107926	-0.02214961	0.06570139	-0.02389667	-0.01062399	0.00714844	0.03096022	0.01287676	-0.0050861
-0.1713072	0.06085729	-0.12618506	0.00067224	-0.00003084	0.00202105	-0.01975689	0.012279	-0.02389667	0.18202538	-0.06771348	0.14040109	0.00836647	-0.00539197	0.00765959
0.06085725	-0.08586952	0.06559397	0.0244981	-0.00986821	0.02640486	-0.00761739	0.00438775	-0.01062399	-0.06771348	0.08696214	-0.07298384	-0.01002448	0.00438785	-0.008391
-0.1261852	0.06559401	-0.19024093	0.00202095	-0.00003319	0.00097538	0.00554989	-0.00448596	0.00714844	0.14040109	-0.07298384	0.20309202	-0.02178673	0.01190899	-0.02097491
-0.07622805	0.02637739	0.07129049	-0.00085047	-0.00001338	-0.0011419	-0.00752205	0.01300954	0.03096022	0.00836647	-0.01002448	-0.02178673	0.07623409	-0.02934907	-0.07932208
0.02637734	-0.08586988	-0.08550141	0.01061817	-0.00986828	-0.0344184	-0.00225448	0.00438778	0.01287676	-0.00539197	0.00438785	0.01190899	-0.02934907	0.08696253	0.09513407
0.07129044	-0.08550147	-0.28532027	-0.00114179	0.00004331	0.00249828	0.00151384	-0.00128492	-0.0050861	0.00765959	-0.008391	-0.02097491	-0.07932208	0.09513407	0.308883

