
  
        -25.05631833         -1.88285654          0.00001683
         -1.88285654         -9.54226556          1.50116717
          0.00001683          1.50116717        -11.24502839
  
         -1.88285587         -5.20286209          1.50116721
         -5.20286209         -0.00002076         -0.00000267
          1.50116721         -0.00000267          1.88287956
  
          0.00001621          1.50116713         -6.90562517
          1.50116713         -0.00000294          1.88287925
         -6.90562517          1.88287925         -0.00001670
  
          3.03774802          0.81891609         -0.00000624
          0.81891609          5.53684559         -0.65289259
         -0.00000624         -0.65289259          1.61711815
  
          0.53789756          0.82994418         -0.42885459
          0.82994418          0.00001352          0.00000107
         -0.42885459          0.00000107         -0.53790120
  
         -0.00000601         -0.65288551          0.71030834
         -0.65288551          0.00000120         -0.81888587
          0.71030834         -0.81888587          0.00000522
  
         10.47720533          2.04887021         -0.89767310
          2.04887021          1.28176870         -0.47651187
         -0.89767310         -0.47651187          1.64972714
  
         -0.10029744          2.61036864         -0.30325799
          2.61036864          1.78899950         -0.55500896
         -0.30325799         -0.55500896         -0.52209800
  
          0.51369874         -0.28188397          3.43686963
         -0.28188397          0.02569464          0.49436898
          3.43686963          0.49436898         -1.27351542
  
          7.53272134         -0.82729193          3.00581683
         -0.82729193          1.33957186         -0.92117800
          3.00581683         -0.92117800          2.88507175
  
          0.83104996          1.36192236         -0.17891345
          1.36192236         -1.24805343          1.27578411
         -0.17891345          1.27578411         -0.39686057
  
         -0.23847788         -0.27986759          1.49747899
         -0.27986759         -0.05906307         -0.94697491
          1.49747899         -0.94697491          1.98505429
  
          4.00864364         -0.15763783         -2.10815431
         -0.15763783          1.38407941          0.54941529
         -2.10815431          0.54941529          5.09311136
  
          0.61420579          0.40062691         -0.59014119
          0.40062691         -0.54093883         -0.72077354
         -0.59014119         -0.72077354         -0.42601979
  
         -0.27523105         -0.28653005          1.26096821
         -0.28653005          0.03337018         -0.61138745
          1.26096821         -0.61138745         -0.71152739
  
  
         -1.88285587         -5.20286209          1.50116721
         -5.20286209         -0.00002076         -0.00000267
          1.50116721         -0.00000267          1.88287956
  
         -9.54226632         -0.00002165         -0.00000249
         -0.00002165        -26.75904949          0.00001275
         -0.00000249          0.00001275         -9.54230119
  
          1.50116727         -0.00000267          1.88287950
         -0.00000267          0.00001286         -5.20289731
          1.88287950         -5.20289731         -1.50117940
  
          0.51036128          3.51390838         -0.40689142
          3.51390838         -0.00000214          0.00000095
         -0.40689142          0.00000095         -0.51034698
  
          1.15475092          0.00001977          0.00000069
          0.00001977         11.68977620         -0.00001149
          0.00000069         -0.00001149          1.15476055
  
         -0.40688537          0.00000095         -0.51033661
          0.00000095          0.00000183          3.51392076
         -0.51033661          3.51392076          0.40687660
  
          1.54593327          0.63094183         -0.49998230
          0.63094183          0.17485601         -0.03272080
         -0.49998230         -0.03272080         -0.55418674
  
          4.28378462          2.65126686         -0.71640810
          2.65126686          5.02306499         -0.60502586
         -0.71640810         -0.60502586          1.30791785
  
         -0.34269971         -0.03272189          0.13503802
         -0.03272189         -0.03990553          0.49502997
          0.13503802          0.49502997          0.11638439
  
         -0.30182604          0.55733993         -0.81032298
          0.55733993         -0.12197170          0.07521123
         -0.81032298          0.07521123         -0.39006675
  
          2.67228574         -1.84959854          1.64678610
         -1.84959854          5.02309696         -1.99357089
          1.64678610         -1.99357089          2.91939622
  
         -0.29206777          0.07521466         -0.87089579
          0.07521466         -0.13147871          0.56863791
         -0.87089579          0.56863791         -0.45366388
  
          0.12838737          0.50067195          0.21602949
          0.50067195         -0.05286141         -0.04248871
          0.21602949         -0.04248871         -0.42827911
  
          1.43144504         -0.80166643         -0.93037620
         -0.80166643          5.02311134          2.59859548
         -0.93037620          2.59859548          4.16022657
  
         -0.45951442         -0.04249105         -0.63668512
         -0.04249105          0.17136955          0.62530867
         -0.63668512          0.62530867          1.43158229
  
  
          0.00001621          1.50116713         -6.90562517
          1.50116713         -0.00000294          1.88287925
         -6.90562517          1.88287925         -0.00001670
  
          1.50116727         -0.00000267          1.88287950
         -0.00000267          0.00001286         -5.20289731
          1.88287950         -5.20289731         -1.50117940
  
        -11.24502932          1.88287908         -0.00001608
          1.88287908         -9.54230110         -1.50117941
         -0.00001608         -1.50117941        -25.05628722
  
         -0.00000644         -0.65289054          0.71030796
         -0.65289054          0.00000120         -0.81889455
          0.71030796         -0.81889455          0.00000564
  
         -0.42885355          0.00000107         -0.53789920
          0.00000107         -0.00000848          0.82995675
         -0.53789920          0.82995675          0.42885443
  
          1.61711570         -0.81888250          0.00000541
         -0.81888250          5.53686097          0.65287246
          0.00000541          0.65287246          3.03773583
  
         -0.51646414         -0.47651236          1.29727775
         -0.47651236          0.02569460         -0.35851067
          1.29727775         -0.35851067         -0.24335142
  
         -0.34060379         -0.55501014         -0.68575303
         -0.55501014         -0.40825546          0.30492994
         -0.68575303          0.30492994          0.48263845
  
          5.37281791          0.49436514         -1.65472282
          0.49436514          1.38850667         -0.10385594
         -1.65472282         -0.10385594          3.59791585
  
          2.12953711         -0.92117636          1.67513485
         -0.92117636         -0.05906278         -0.35197661
          1.67513485         -0.35197661         -0.38296118
  
         -0.30196691          1.27578783         -0.28269143
          1.27578783         -1.34520755          1.55336121
         -0.28269143          1.55336121          0.76996468
  
          2.57593878         -0.94697443          2.86133018
         -0.94697443          1.33071754         -0.99117365
          2.86133018         -0.99117365          8.10391429
  
         -1.61308275          0.54941212          3.22290462
          0.54941212          0.03336992         -0.35349743
          3.22290462         -0.35349743          0.62632365
  
         -0.42974302         -0.72077608         -0.37653583
         -0.72077608          1.75345863          2.51464941
         -0.37653583          2.51464941         -0.18027817
  
          1.67915695         -0.61138729         -1.20659669
         -0.61138729          1.28621593          1.94333654
         -1.20659669          1.94333654         10.31672125
  
  
          3.03774802          0.81891609         -0.00000624
          0.81891609          5.53684559         -0.65289259
         -0.00000624         -0.65289259          1.61711815
  
          0.51036128          3.51390838         -0.40689142
          3.51390838         -0.00000214          0.00000095
         -0.40689142          0.00000095         -0.51034698
  
         -0.00000644         -0.65289054          0.71030796
         -0.65289054          0.00000120         -0.81889455
          0.71030796         -0.81889455          0.00000564
  
         -2.37744425         -0.20170164          0.00000270
         -0.20170164         -4.98859521          0.16079734
          0.00000270          0.16079734         -1.14138540
  
         -0.33589397         -2.92842548          0.26779347
         -2.92842548          0.00000428         -0.00000047
          0.26779347         -0.00000047          0.33588059
  
          0.00000247          0.16079444         -0.61802598
          0.16079444         -0.00000038          0.20166689
         -0.61802598          0.20166689         -0.00000222
  
         -0.73371007         -0.52615536          0.10612616
         -0.52615536         -0.37271605          0.18263032
          0.10612616          0.18263032         -0.22059378
  
          0.52157204         -0.31556986          0.00333846
         -0.31556986          0.56089678          0.05797345
          0.00333846          0.05797345          0.26078256
  
          0.08023002          0.19995317         -0.14656002
          0.19995317          0.09146459          0.12423797
         -0.14656002          0.12423797          0.19691861
  
         -0.18249762          0.01779501         -0.25441831
          0.01779501         -0.16698085          0.22531841
         -0.25441831          0.22531841         -0.14838689
  
         -0.46258966         -0.18516397         -0.09540848
         -0.18516397         -0.39129828         -0.13326429
         -0.09540848         -0.13326429         -0.08320327
  
         -0.19489118          0.28239617         -0.01610367
          0.28239617         -0.21025614          0.26260162
         -0.01610367          0.26260162         -0.44218572
  
          0.25590392         -0.10885409          0.14829569
         -0.10885409         -0.00855348          0.08414652
          0.14829569          0.08414652         -0.10675208
  
         -0.23344968         -0.08474906          0.23116798
         -0.08474906         -0.16960063          0.07529035
          0.23116798          0.07529035         -0.00311290
  
          0.11466512          0.00974676          0.07038171
          0.00974676          0.11879073          0.23038807
          0.07038171          0.23038807          0.24526369
  
  
          0.53789756          0.82994418         -0.42885459
          0.82994418          0.00001352          0.00000107
         -0.42885459          0.00000107         -0.53790120
  
          1.15475092          0.00001977          0.00000069
          0.00001977         11.68977620         -0.00001149
          0.00000069         -0.00001149          1.15476055
  
         -0.42885355          0.00000107         -0.53789920
          0.00000107         -0.00000848          0.82995675
         -0.53789920          0.82995675          0.42885443
  
         -0.33589397         -2.92842548          0.26779347
         -2.92842548          0.00000428         -0.00000047
          0.26779347         -0.00000047          0.33588059
  
         -1.04199677         -0.00000852         -0.00000045
         -0.00000852         -9.49189162          0.00000476
         -0.00000045          0.00000476         -1.04200301
  
          0.26778901         -0.00000047          0.33587283
         -0.00000047         -0.00000253         -2.92843057
          0.33587283         -2.92843057         -0.26778072
  
         -0.35147288          1.16028858          0.06985987
          1.16028858          0.74701925         -0.22186172
          0.06985987         -0.22186172         -0.07504464
  
          0.06412679          0.00745177         -0.04897193
          0.00745177         -0.73263296         -0.00169971
         -0.04897193         -0.00169971         -0.13929879
  
          0.08617904         -0.22186077         -0.00353721
         -0.22186077         -0.17046938          0.23870154
         -0.00353721          0.23870154          0.01115279
  
          0.13089092          0.66123174          0.10698562
          0.66123174         -0.52115189          0.50998701
          0.10698562          0.50998701          0.16667023
  
         -0.04602926         -0.00520509          0.11257183
         -0.00520509         -0.73262709         -0.00560645
          0.11257183         -0.00560645         -0.02914086
  
          0.16075551          0.50998375          0.11678774
          0.50998375         -0.56170754          0.73775236
          0.11678774          0.73775236          0.15996482
  
          0.01857837          0.27696098         -0.01578437
          0.27696098         -0.22588516         -0.28812589
         -0.01578437         -0.28812589          0.11039502
  
         -0.13085168         -0.00225792         -0.06360014
         -0.00225792         -0.73262453          0.00731289
         -0.06360014          0.00731289          0.05568210
  
         -0.08587000         -0.28812358          0.08877584
         -0.28812358          0.73218794          1.12201992
          0.08877584          1.12201992         -0.33219131
  
  
         -0.00000601         -0.65288551          0.71030834
         -0.65288551          0.00000120         -0.81888587
          0.71030834         -0.81888587          0.00000522
  
         -0.40688537          0.00000095         -0.51033661
          0.00000095          0.00000183          3.51392076
         -0.51033661          3.51392076          0.40687660
  
          1.61711570         -0.81888250          0.00000541
         -0.81888250          5.53686097          0.65287246
          0.00000541          0.65287246          3.03773583
  
          0.00000247          0.16079444         -0.61802598
          0.16079444         -0.00000038          0.20166689
         -0.61802598          0.20166689         -0.00000222
  
          0.26778901         -0.00000047          0.33587283
         -0.00000047         -0.00000253         -2.92843057
          0.33587283         -2.92843057         -0.26778072
  
         -1.14138682          0.20166227         -0.00000200
          0.20166227         -4.98859911         -0.16077463
         -0.00000200         -0.16077463         -2.37743916
  
          0.18850857          0.18262879          0.07832712
          0.18262879          0.09146423          0.04832741
          0.07832712          0.04832741          0.08864148
  
          0.00012548          0.05797401          0.24670457
          0.05797401         -0.12799671         -0.07475368
          0.24670457         -0.07475368         -0.17865915
  
         -0.10327142          0.12423747          0.11453610
          0.12423747          0.00721956         -0.09091170
          0.11453610         -0.09091170          0.30021986
  
         -0.44379013          0.22531537         -0.03477674
          0.22531537         -0.21025482          0.31555419
         -0.03477674          0.31555419         -0.19329175
  
         -0.10599435         -0.13326631         -0.07338348
         -0.13326631         -0.42174968         -0.20516046
         -0.07338348         -0.20516046         -0.48227553
  
         -0.15812604          0.26259803         -0.25281375
          0.26259803         -0.19852499          0.07689972
         -0.25281375          0.07689972         -0.26834330
  
          0.25528509          0.08414692         -0.13583274
          0.08414692          0.11878977          0.25333738
         -0.13583274          0.25333738          0.10464727
  
          0.24496523          0.07529181          0.00114269
          0.07529181          0.54974710         -0.30557605
          0.00114269         -0.30557605          0.52183880
  
         -0.21433142          0.23038472          0.13827424
          0.23038472         -0.35695643         -0.47808585
          0.13827424         -0.47808585         -0.69217324
  
  
         10.47720533          2.04887021         -0.89767310
          2.04887021          1.28176870         -0.47651187
         -0.89767310         -0.47651187          1.64972714
  
          1.54593327          0.63094183         -0.49998230
          0.63094183          0.17485601         -0.03272080
         -0.49998230         -0.03272080         -0.55418674
  
         -0.51646414         -0.47651236          1.29727775
         -0.47651236          0.02569460         -0.35851067
          1.29727775         -0.35851067         -0.24335142
  
         -0.73371007         -0.52615536          0.10612616
         -0.52615536         -0.37271605          0.18263032
          0.10612616          0.18263032         -0.22059378
  
         -0.35147288          1.16028858          0.06985987
          1.16028858          0.74701925         -0.22186172
          0.06985987         -0.22186172         -0.07504464
  
          0.18850857          0.18262879          0.07832712
          0.18262879          0.09146423          0.04832741
          0.07832712          0.04832741          0.08864148
  
         -9.17591014         -1.12919793          0.52737545
         -1.12919793         -0.71433880          0.09175514
          0.52737545          0.09175514         -1.20969849
  
          0.08755089         -2.10483788         -0.05984867
         -2.10483788         -1.42518944          0.33001735
         -0.05984867          0.33001735          0.39749046
  
         -0.21015164         -0.04964024         -2.60613198
         -0.04964024         -0.15800396         -0.33329678
         -2.60613198         -0.33329678          0.95977331
  
         -0.03213452         -0.17264465          0.18132581
         -0.17264465         -0.13273009          0.04667436
          0.18132581          0.04667436         -0.13018222
  
         -0.68725420          0.08215094         -0.02157657
          0.08215094          0.34033193         -0.31383700
         -0.02157657         -0.31383700          0.31628712
  
          0.83998914          0.11772900          0.29978319
          0.11772900         -0.29923976          0.37059755
          0.29978319          0.37059755         -0.67536760
  
         -0.53545061         -0.22087227          0.08284569
         -0.22087227         -0.06198377          0.15545205
          0.08284569          0.15545205         -0.08925265
  
         -0.59475708          0.23145653          0.51154767
          0.23145653          0.16298225          0.23840217
          0.51154767          0.23840217         -0.08454621
  
         -0.30188195          0.22579481          0.93074393
          0.22579481          0.34008488          0.27288250
          0.93074393          0.27288250         -0.12969578
  
  
         -0.10029744          2.61036864         -0.30325799
          2.61036864          1.78899950         -0.55500896
         -0.30325799         -0.55500896         -0.52209800
  
          4.28378462          2.65126686         -0.71640810
          2.65126686          5.02306499         -0.60502586
         -0.71640810         -0.60502586          1.30791785
  
         -0.34060379         -0.55501014         -0.68575303
         -0.55501014         -0.40825546          0.30492994
         -0.68575303          0.30492994          0.48263845
  
          0.52157204         -0.31556986          0.00333846
         -0.31556986          0.56089678          0.05797345
          0.00333846          0.05797345          0.26078256
  
          0.06412679          0.00745177         -0.04897193
          0.00745177         -0.73263296         -0.00169971
         -0.04897193         -0.00169971         -0.13929879
  
          0.00012548          0.05797401          0.24670457
          0.05797401         -0.12799671         -0.07475368
          0.24670457         -0.07475368         -0.17865915
  
          0.08755089         -2.10483788         -0.05984867
         -2.10483788         -1.42518944          0.33001735
         -0.05984867          0.33001735          0.39749046
  
         -3.70748803         -2.48564498          0.64972262
         -2.48564498         -4.13225474          0.56722936
          0.64972262          0.56722936         -1.00861544
  
         -0.26228188          0.33001694         -0.48959036
          0.33001694          0.32523164         -0.73398751
         -0.48959036         -0.73398751          0.15159357
  
         -0.07459411         -0.09964310          0.29769213
         -0.09964310         -0.46774934          0.19489673
          0.29769213          0.19489673         -0.06704062
  
         -0.42037240         -0.05233238         -0.15020211
         -0.05233238         -0.07908783          0.16963726
         -0.15020211          0.16963726          0.02016021
  
          0.79951741         -0.04724802          0.37857458
         -0.04724802          0.08186293          0.25656901
          0.37857458          0.25656901          0.06664429
  
         -0.43423138         -0.09031779          0.06207607
         -0.09031779         -0.45695750         -0.02787857
          0.06207607         -0.02787857         -0.06913441
  
         -0.22005098         -0.12074127          0.26585952
         -0.12074127         -0.07908946         -0.13014105
          0.26585952         -0.13014105         -0.18016384
  
         -0.19675721          0.21426721          0.55006424
          0.21426721          0.12915759          0.24724224
          0.55006424          0.24724224         -0.52221716
  
  
          0.51369874         -0.28188397          3.43686963
         -0.28188397          0.02569464          0.49436898
          3.43686963          0.49436898         -1.27351542
  
         -0.34269971         -0.03272189          0.13503802
         -0.03272189         -0.03990553          0.49502997
          0.13503802          0.49502997          0.11638439
  
          5.37281791          0.49436514         -1.65472282
          0.49436514          1.38850667         -0.10385594
         -1.65472282         -0.10385594          3.59791585
  
          0.08023002          0.19995317         -0.14656002
          0.19995317          0.09146459          0.12423797
         -0.14656002          0.12423797          0.19691861
  
          0.08617904         -0.22186077         -0.00353721
         -0.22186077         -0.17046938          0.23870154
         -0.00353721          0.23870154          0.01115279
  
         -0.10327142          0.12423747          0.11453610
          0.12423747          0.00721956         -0.09091170
          0.11453610         -0.09091170          0.30021986
  
         -0.21015164         -0.04964024         -2.60613198
         -0.04964024         -0.15800396         -0.33329678
         -2.60613198         -0.33329678          0.95977331
  
         -0.26228188          0.33001694         -0.48959036
          0.33001694          0.32523164         -0.73398751
         -0.48959036         -0.73398751          0.15159357
  
         -4.27330265         -0.95290494          1.69730119
         -0.95290494         -1.37067441          0.38338293
          1.69730119          0.38338293         -2.99845564
  
          0.00839689          0.27987633         -0.39144582
          0.27987633          0.19314871         -0.15498388
         -0.39144582         -0.15498388          0.52037843
  
          0.64408491         -0.07169594          0.23084604
         -0.07169594          0.33115774          0.07478027
          0.23084604          0.07478027          0.15132544
  
         -0.84249552          0.15474083         -0.32036034
          0.15474083          0.02284696          0.01136681
         -0.32036034          0.01136681         -0.33666157
  
         -0.39217400         -0.14830528         -0.29273181
         -0.14830528         -0.15230397         -0.13032629
         -0.29273181         -0.13032629         -0.40355493
  
         -0.12528235         -0.00373834          0.12724352
         -0.00373834         -0.44601448         -0.07452427
          0.12724352         -0.07452427         -0.43045619
  
         -0.15374832          0.17956150          0.16324587
          0.17956150         -0.04789878         -0.19998210
          0.16324587         -0.19998210         -0.56301851
  
  
          7.53272134         -0.82729193          3.00581683
         -0.82729193          1.33957186         -0.92117800
          3.00581683         -0.92117800          2.88507175
  
         -0.30182604          0.55733993         -0.81032298
          0.55733993         -0.12197170          0.07521123
         -0.81032298          0.07521123         -0.39006675
  
          2.12953711         -0.92117636          1.67513485
         -0.92117636         -0.05906278         -0.35197661
          1.67513485         -0.35197661         -0.38296118
  
         -0.18249762          0.01779501         -0.25441831
          0.01779501         -0.16698085          0.22531841
         -0.25441831          0.22531841         -0.14838689
  
          0.13089092          0.66123174          0.10698562
          0.66123174         -0.52115189          0.50998701
          0.10698562          0.50998701          0.16667023
  
         -0.44379013          0.22531537         -0.03477674
          0.22531537         -0.21025482          0.31555419
         -0.03477674          0.31555419         -0.19329175
  
         -0.03213452         -0.17264465          0.18132581
         -0.17264465         -0.13273009          0.04667436
          0.18132581          0.04667436         -0.13018222
  
         -0.07459411         -0.09964310          0.29769213
         -0.09964310         -0.46774934          0.19489673
          0.29769213          0.19489673         -0.06704062
  
          0.00839689          0.27987633         -0.39144582
          0.27987633          0.19314871         -0.15498388
         -0.39144582         -0.15498388          0.52037843
  
         -7.03727428          0.99586743         -2.66855849
          0.99586743         -1.06975516          0.52662569
         -2.66855849          0.52662569         -1.66213131
  
          0.22296512         -1.36249397          0.10893979
         -1.36249397          0.99425168         -0.75859635
          0.10893979         -0.75859635         -0.56133638
  
         -0.97322232          0.06072330         -1.39957130
          0.06072330          0.36320947          0.02442938
         -1.39957130          0.02442938         -0.74992754
  
         -0.28081491         -0.01372585         -0.26416584
         -0.01372585          0.02989423          0.12255954
         -0.26416584          0.12255954         -0.94437133
  
          0.02256411          0.24356540          0.29670544
          0.24356540          0.11662125         -0.02149861
          0.29670544         -0.02149861          0.85177351
  
         -0.72092154          0.35526136          0.15065901
          0.35526136         -0.28704059          0.16697691
          0.15065901          0.16697691          0.80580204
  
  
          0.83104996          1.36192236         -0.17891345
          1.36192236         -1.24805343          1.27578411
         -0.17891345          1.27578411         -0.39686057
  
          2.67228574         -1.84959854          1.64678610
         -1.84959854          5.02309696         -1.99357089
          1.64678610         -1.99357089          2.91939622
  
         -0.30196691          1.27578783         -0.28269143
          1.27578783         -1.34520755          1.55336121
         -0.28269143          1.55336121          0.76996468
  
         -0.46258966         -0.18516397         -0.09540848
         -0.18516397         -0.39129828         -0.13326429
         -0.09540848         -0.13326429         -0.08320327
  
         -0.04602926         -0.00520509          0.11257183
         -0.00520509         -0.73262709         -0.00560645
          0.11257183         -0.00560645         -0.02914086
  
         -0.10599435         -0.13326631         -0.07338348
         -0.13326631         -0.42174968         -0.20516046
         -0.07338348         -0.20516046         -0.48227553
  
         -0.68725420          0.08215094         -0.02157657
          0.08215094          0.34033193         -0.31383700
         -0.02157657         -0.31383700          0.31628712
  
         -0.42037240         -0.05233238         -0.15020211
         -0.05233238         -0.07908783          0.16963726
         -0.15020211          0.16963726          0.02016021
  
          0.64408491         -0.07169594          0.23084604
         -0.07169594          0.33115774          0.07478027
          0.23084604          0.07478027          0.15132544
  
          0.22296512         -1.36249397          0.10893979
         -1.36249397          0.99425168         -0.75859635
          0.10893979         -0.75859635         -0.56133638
  
         -2.24599127          1.73406261         -1.49349732
          1.73406261         -4.13228934          1.86903610
         -1.49349732          1.86903610         -2.47008753
  
         -0.55808389         -0.75859465          0.05752050
         -0.75859465          1.07164228         -1.47632321
          0.05752050         -1.47632321          0.19337140
  
          0.09582878          0.10358464          0.18695871
          0.10358464          0.30476811         -0.07008646
          0.18695871         -0.07008646          0.72511311
  
          0.04010720          0.17307340         -0.11565850
          0.17307340         -0.07909270         -0.03949602
         -0.11565850         -0.03949602         -0.44032803
  
          0.32196024         -0.31223093          0.06770838
         -0.31223093          0.36415721          0.05334219
          0.06770838          0.05334219         -0.63238599
  
  
         -0.23847788         -0.27986759          1.49747899
         -0.27986759         -0.05906307         -0.94697491
          1.49747899         -0.94697491          1.98505429
  
         -0.29206777          0.07521466         -0.87089579
          0.07521466         -0.13147871          0.56863791
         -0.87089579          0.56863791         -0.45366388
  
          2.57593878         -0.94697443          2.86133018
         -0.94697443          1.33071754         -0.99117365
          2.86133018         -0.99117365          8.10391429
  
         -0.19489118          0.28239617         -0.01610367
          0.28239617         -0.21025614          0.26260162
         -0.01610367          0.26260162         -0.44218572
  
          0.16075551          0.50998375          0.11678774
          0.50998375         -0.56170754          0.73775236
          0.11678774          0.73775236          0.15996482
  
         -0.15812604          0.26259803         -0.25281375
          0.26259803         -0.19852499          0.07689972
         -0.25281375          0.07689972         -0.26834330
  
          0.83998914          0.11772900          0.29978319
          0.11772900         -0.29923976          0.37059755
          0.29978319          0.37059755         -0.67536760
  
          0.79951741         -0.04724802          0.37857458
         -0.04724802          0.08186293          0.25656901
          0.37857458          0.25656901          0.06664429
  
         -0.84249552          0.15474083         -0.32036034
          0.15474083          0.02284696          0.01136681
         -0.32036034          0.01136681         -0.33666157
  
         -0.97322232          0.06072330         -1.39957130
          0.06072330          0.36320947          0.02442938
         -1.39957130          0.02442938         -0.74992754
  
         -0.55808389         -0.75859465          0.05752050
         -0.75859465          1.07164228         -1.47632321
          0.05752050         -1.47632321          0.19337140
  
         -1.40775061          0.45668832         -2.44526520
          0.45668832         -1.01526397          1.03898187
         -2.44526520          1.03898187         -7.55020023
  
          0.56660224         -0.18098088         -0.38158722
         -0.18098088          0.20534949          0.28934636
         -0.38158722          0.28934636         -0.11757343
  
         -0.11012125          0.22064426          0.31801297
          0.22064426         -0.46031896         -0.08663606
          0.31801297         -0.08663606          0.03368339
  
         -0.16756661          0.07294725          0.15710911
          0.07294725         -0.13977554         -0.13607474
          0.15710911         -0.13607474          0.05129081
  
  
          4.00864364         -0.15763783         -2.10815431
         -0.15763783          1.38407941          0.54941529
         -2.10815431          0.54941529          5.09311136
  
          0.12838737          0.50067195          0.21602949
          0.50067195         -0.05286141         -0.04248871
          0.21602949         -0.04248871         -0.42827911
  
         -1.61308275          0.54941212          3.22290462
          0.54941212          0.03336992         -0.35349743
          3.22290462         -0.35349743          0.62632365
  
          0.25590392         -0.10885409          0.14829569
         -0.10885409         -0.00855348          0.08414652
          0.14829569          0.08414652         -0.10675208
  
          0.01857837          0.27696098         -0.01578437
          0.27696098         -0.22588516         -0.28812589
         -0.01578437         -0.28812589          0.11039502
  
          0.25528509          0.08414692         -0.13583274
          0.08414692          0.11878977          0.25333738
         -0.13583274          0.25333738          0.10464727
  
         -0.53545061         -0.22087227          0.08284569
         -0.22087227         -0.06198377          0.15545205
          0.08284569          0.15545205         -0.08925265
  
         -0.43423138         -0.09031779          0.06207607
         -0.09031779         -0.45695750         -0.02787857
          0.06207607         -0.02787857         -0.06913441
  
         -0.39217400         -0.14830528         -0.29273181
         -0.14830528         -0.15230397         -0.13032629
         -0.29273181         -0.13032629         -0.40355493
  
         -0.28081491         -0.01372585         -0.26416584
         -0.01372585          0.02989423          0.12255954
         -0.26416584          0.12255954         -0.94437133
  
          0.09582878          0.10358464          0.18695871
          0.10358464          0.30476811         -0.07008646
          0.18695871         -0.07008646          0.72511311
  
          0.56660224         -0.18098088         -0.38158722
         -0.18098088          0.20534949          0.28934636
         -0.38158722          0.28934636         -0.11757343
  
         -3.44828204          0.50109003          2.14117877
          0.50109003         -1.34343640         -0.91157341
          2.14117877         -0.91157341         -3.95273530
  
          0.19143686         -0.79089978         -0.44927990
         -0.79089978          0.43093596          0.42857963
         -0.44927990          0.42857963         -0.33809462
  
          1.18336942         -0.30427288         -2.41275286
         -0.30427288         -0.20520520         -0.05886003
         -2.41275286         -0.05886003         -0.20984257
  
  
          0.61420579          0.40062691         -0.59014119
          0.40062691         -0.54093883         -0.72077354
         -0.59014119         -0.72077354         -0.42601979
  
          1.43144504         -0.80166643         -0.93037620
         -0.80166643          5.02311134          2.59859548
         -0.93037620          2.59859548          4.16022657
  
         -0.42974302         -0.72077608         -0.37653583
         -0.72077608          1.75345863          2.51464941
         -0.37653583          2.51464941         -0.18027817
  
         -0.23344968         -0.08474906          0.23116798
         -0.08474906         -0.16960063          0.07529035
          0.23116798          0.07529035         -0.00311290
  
         -0.13085168         -0.00225792         -0.06360014
         -0.00225792         -0.73262453          0.00731289
         -0.06360014          0.00731289          0.05568210
  
          0.24496523          0.07529181          0.00114269
          0.07529181          0.54974710         -0.30557605
          0.00114269         -0.30557605          0.52183880
  
         -0.59475708          0.23145653          0.51154767
          0.23145653          0.16298225          0.23840217
          0.51154767          0.23840217         -0.08454621
  
         -0.22005098         -0.12074127          0.26585952
         -0.12074127         -0.07908946         -0.13014105
          0.26585952         -0.13014105         -0.18016384
  
         -0.12528235         -0.00373834          0.12724352
         -0.00373834         -0.44601448         -0.07452427
          0.12724352         -0.07452427         -0.43045619
  
          0.02256411          0.24356540          0.29670544
          0.24356540          0.11662125         -0.02149861
          0.29670544         -0.02149861          0.85177351
  
          0.04010720          0.17307340         -0.11565850
          0.17307340         -0.07909270         -0.03949602
         -0.11565850         -0.03949602         -0.44032803
  
         -0.11012125          0.22064426          0.31801297
          0.22064426         -0.46031896         -0.08663606
          0.31801297         -0.08663606          0.03368339
  
          0.19143686         -0.79089978         -0.44927990
         -0.79089978          0.43093596          0.42857963
         -0.44927990          0.42857963         -0.33809462
  
         -1.12064958          0.75159222          0.84377533
          0.75159222         -4.13230466         -2.43627130
          0.84377533         -2.43627130         -3.59541680
  
          0.42018138          0.42857835         -0.06986334
          0.42857835         -1.39687229         -2.04791302
         -0.06986334         -2.04791302          0.05521217
  
  
         -0.27523105         -0.28653005          1.26096821
         -0.28653005          0.03337018         -0.61138745
          1.26096821         -0.61138745         -0.71152739
  
         -0.45951442         -0.04249105         -0.63668512
         -0.04249105          0.17136955          0.62530867
         -0.63668512          0.62530867          1.43158229
  
          1.67915695         -0.61138729         -1.20659669
         -0.61138729          1.28621593          1.94333654
         -1.20659669          1.94333654         10.31672125
  
          0.11466512          0.00974676          0.07038171
          0.00974676          0.11879073          0.23038807
          0.07038171          0.23038807          0.24526369
  
         -0.08587000         -0.28812358          0.08877584
         -0.28812358          0.73218794          1.12201992
          0.08877584          1.12201992         -0.33219131
  
         -0.21433142          0.23038472          0.13827424
          0.23038472         -0.35695643         -0.47808585
          0.13827424         -0.47808585         -0.69217324
  
         -0.30188195          0.22579481          0.93074393
          0.22579481          0.34008488          0.27288250
          0.93074393          0.27288250         -0.12969578
  
         -0.19675721          0.21426721          0.55006424
          0.21426721          0.12915759          0.24724224
          0.55006424          0.24724224         -0.52221716
  
         -0.15374832          0.17956150          0.16324587
          0.17956150         -0.04789878         -0.19998210
          0.16324587         -0.19998210         -0.56301851
  
         -0.72092154          0.35526136          0.15065901
          0.35526136         -0.28704059          0.16697691
          0.15065901          0.16697691          0.80580204
  
          0.32196024         -0.31223093          0.06770838
         -0.31223093          0.36415721          0.05334219
          0.06770838          0.05334219         -0.63238599
  
         -0.16756661          0.07294725          0.15710911
          0.07294725         -0.13977554         -0.13607474
          0.15710911         -0.13607474          0.05129081
  
          1.18336942         -0.30427288         -2.41275286
         -0.30427288         -0.20520520         -0.05886003
         -2.41275286         -0.05886003         -0.20984257
  
          0.42018138          0.42857835         -0.06986334
          0.42857835         -1.39687229         -2.04791302
         -0.06986334         -2.04791302          0.05521217
  
         -1.14351061          0.12849383          0.74796747
          0.12849383         -0.74158519         -1.12919385
          0.74796747         -1.12919385         -9.11282033
  
  
  
