7.468672 0.0 0.0 0.0 0.0 0.0 0.0 0.0 0.0 0.0 0.0 0.0 
-0.481556 -1.703046 0.0 0.0 0.0 0.0 0.0 0.0 0.0 0.0 0.0 0.0 
0.398409 -1.095639    6.687239 0.0 0.0 0.0 0.0 0.0 0.0 0.0 0.0 0.0  
-5.663545 0.312254   -0.070907    6.946056 0.0 0.0 0.0 0.0 0.0 0.0 0.0 0.0 
0.303342 4.509280   -0.950218   -0.472644   -1.703046 0.0 0.0 0.0 0.0 0.0 0.0 0.0 
-0.709184 0.950217   -4.993221    0.385633    1.095639    6.687239 0.0 0.0 0.0 0.0 0.0 0.0 
-3.311649 0.125658   -0.235783    1.554707    0.050912    0.657331 3.054322 0.0 0.0 0.0 0.0 0.0 
0.519999 -2.762323    1.232919   -0.350697   -0.043911   -0.812937 -0.151584    2.837786 0.0 0.0 0.0 0.0 
-0.210195 0.277076   -1.848179    0.109883    0.131655    0.154161  0.096644   -0.414356    1.682793 0.0 0.0 0.0 
1.506522 0.043644   -0.052817   -2.837218    0.118389   -0.368730 -1.297380   -0.017718    0.003668    2.628076 0.0 0.0 
-0.341785 -0.043911    0.812937    0.511087   -2.762323   -1.232919 -0.024987   -0.031552    0.005626   -0.144315    2.837786 0.0 
0.520970 -0.131655    0.154161   -0.420659   -0.277076   -1.848179 -0.518191   -0.005626    0.011225    0.417880    0.414356    1.682793






