0.540089	0	0	0	0	0	0	0	0	0	0	0	0	0	0	0	0	0
-0.01641	0.033231	0	0	0	0	0	0	0	0	0	0	0	0	0	0	0	0
0.077722	-0.092369	0.488314	0	0	0	0	0	0	0	0	0	0	0	0	0	0	0
-0.013203	-0.000473	0.002665	0.467279	0	0	0	0	0	0	0	0	0	0	0	0	0	0
-0.00044	0.005574	0.000502	-0.002712	0.610474	0	0	0	0	0	0	0	0	0	0	0	0	0
0.002501	0.000503	0.003053	0.015337	0.115729	0.038311	0	0	0	0	0	0	0	0	0	0	0	0
-0.425341	-0.006424	0.038061	-0.007315	-0.000374	0.001908	0.449354	0	0	0	0	0	0	0	0	0	0	0
-0.017078	-0.016182	0.009027	-0.000757	-0.008525	-0.000863	0.007704	0.020481	0	0	0	0	0	0	0	0	0	0
0.092747	0.008895	-0.061268	0.003871	-0.000868	-0.004284	-0.04488	-0.008953	0.06526	0	0	0	0	0	0	0	0	0
-0.098479	0.023602	-0.119976	-0.000428	-0.00024	0.001231	-0.019913	0.009416	-0.048048	0.118676	0	0	0	0	0	0	0	0
0.034272	-0.021326	0.083005	-0.000175	-0.000525	-0.000015	-0.001303	0.002326	0.00067	-0.032748	0.019179	0	0	0	0	0	0	0
-0.174742	0.083137	-0.429607	0.000899	-0.000014	-0.000466	0.006967	0.000537	-0.000388	0.166643	-0.083712	0.430372	0	0	0	0	0	0
-0.00154	-0.001532	0.000494	-0.222197	0.240712	0.036031	0.001622	0.003102	-0.001312	0.000073	0.000209	0.000162	0.209936	0	0	0	0	0
-0.002245	-0.000765	0.000208	0.185348	-0.309663	-0.04722	0.003497	0.001357	-0.000535	0.000052	0.000124	0.000007	-0.214393	0.338997	0	0	0	0
0.000483	0.000243	-0.000122	0.02433	-0.043117	-0.013188	-0.000389	-0.001296	-0.000081	0.000088	0.000288	0.000094	-0.030323	0.051944	0.012544	0	0	0
-0.001526	0.001239	0.001032	-0.224134	-0.236945	-0.057008	0.001593	-0.002386	-0.002377	0.000071	-0.000254	0.000072	0.012106	0.027741	0.00581	0.211888	0	0
0.001902	-0.000532	-0.000374	-0.18123	-0.297335	-0.068134	-0.0031	0.000543	0.000791	-0.000081	0.000224	0.000044	-0.028097	-0.03005	-0.008062	0.210605	0.327149	0
0.001289	-0.00041	-0.000371	-0.047103	-0.072232	-0.023427	-0.001667	0.001548	0.000761	0.000061	-0.000236	-0.000005	-0.005052	-0.004405	0.000753	0.052472	0.075736	0.022288

