  
          0.51838763         -0.05986539          0.06936274
         -0.05986168          0.38747374         -0.02693200
          0.06936214         -0.02693216          0.39543613
         -0.07192656          0.09047249         -0.05402551
          0.07773028         -0.17884547          0.03541599
         -0.04465434          0.03750998         -0.18298549
         -0.24206720          0.03650463          0.04842782
          0.03650457         -0.16223529         -0.01880528
          0.03355473         -0.01302979         -0.02945543
         -0.20438979         -0.06711155         -0.06376804
         -0.05436943         -0.04638239          0.01032482
         -0.05826600          0.00245509         -0.18298550
  
