  
          0.72748303         -0.02129411          0.11812105
         -0.13567449          0.33830903         -0.17876121
          0.25064818         -0.17877094          0.18334300
         -0.39196819         -0.14639336          0.03373028
         -0.01260519         -0.12803453          0.11085899
         -0.06370708          0.08802513         -0.03717031
         -0.15225060          0.04665917         -0.09610053
          0.04337026         -0.02610889          0.05520161
         -0.12900405          0.06814601         -0.13513892
         -0.18320225          0.12109774         -0.05582548
          0.10496788         -0.18406430          0.01267020
         -0.05799633          0.02255874         -0.01106671
  
         -0.13567449          0.33830903         -0.17876121
          0.04375622         -0.27839695         -0.27282619
         -0.17877568         -0.14030191         -0.07123569
          0.01027644         -0.13256156          0.11059580
         -0.01017399         -0.03465993          0.07924656
          0.01631470          0.06292070         -0.02424233
          0.04042989         -0.03368363          0.05520082
         -0.04215503          0.02883198          0.02462066
          0.06814752          0.02002516          0.05247843
          0.08502892         -0.17196478          0.01293508
          0.00863571          0.28389659          0.16879967
          0.09426858          0.05720852          0.04297290
  
          0.25064818         -0.17877094          0.18334300
         -0.17877568         -0.14030191         -0.07123569
         -0.11122389          0.04312757          0.45172546
         -0.07885368          0.08382302         -0.04721427
          0.01237754          0.06445657         -0.02312124
         -0.00047868         -0.00622866         -0.04141219
         -0.11036517          0.06354611         -0.11692406
          0.06354588          0.02860416          0.04540265
          0.10777122         -0.04184957         -0.36858981
         -0.06149111          0.03136035         -0.01923767
          0.10280594          0.04709293          0.04892526
          0.00384897          0.00491868         -0.04141384
  
         -0.39196819         -0.14639336          0.03373028
          0.01027644         -0.13256156          0.11059580
         -0.07885368          0.08382302         -0.04721427
          0.23079769          0.06361135          0.00109928
         -0.03426100          0.02825827         -0.04556054
          0.05811748         -0.03808710          0.00582056
          0.08379115          0.02412436         -0.05085382
          0.02292791          0.00771965         -0.05741048
          0.01972623         -0.02322608          0.04346807
          0.07738181          0.05865981          0.01602294
          0.00106208          0.09658566         -0.00762850
          0.00100372         -0.02251150         -0.00207192
  
         -0.01260519         -0.12803453          0.11085899
         -0.01017399         -0.03465993          0.07924656
          0.01237754          0.06445657         -0.02312124
         -0.03426100          0.02825827         -0.04556054
          0.03007542          0.04867558         -0.05874654
          0.02004102         -0.02049763          0.00600401
          0.02607078          0.01085798         -0.05413515
          0.01026116          0.06298465         -0.01597405
         -0.00865455          0.00380888          0.01853162
          0.02079840          0.08892163         -0.01116653
         -0.03015903         -0.07699716         -0.00452705
         -0.02376684         -0.04777063         -0.00141445
  
         -0.06370708          0.08802513         -0.03717031
          0.01631470          0.06292070         -0.02424233
         -0.00047868         -0.00622866         -0.04141219
          0.05811748         -0.03808710          0.00582056
          0.02004102         -0.02049763          0.00600401
          0.05408250          0.04886416         -0.00910718
          0.00374921         -0.02708222          0.03192631
         -0.01475695          0.00617938          0.01579940
         -0.05757967         -0.04109155          0.10922321
          0.00183696         -0.02285606         -0.00057407
         -0.02160118         -0.04860310          0.00244175
          0.00397664         -0.00154400         -0.05870429
  
         -0.15225060          0.04665917         -0.09610053
          0.04042989         -0.03368363          0.05520082
         -0.11036517          0.06354611         -0.11692406
          0.08379115          0.02412436         -0.05085382
          0.02607078          0.01085798         -0.05413515
          0.00374921         -0.02708222          0.03192631
          0.07132615         -0.02926875          0.12636927
         -0.02526315          0.00809172         -0.02176872
          0.08092408         -0.04570018          0.07209849
         -0.00286844         -0.04151465          0.02058361
         -0.04123632          0.01473420          0.02070232
          0.02569262          0.00923690          0.01289704
  
          0.04337026         -0.02610889          0.05520161
         -0.04215503          0.02883198          0.02462066
          0.06354588          0.02860416          0.04540265
          0.02292791          0.00771965         -0.05741048
          0.01026116          0.06298465         -0.01597405
         -0.01475695          0.00617938          0.01579940
         -0.02526315          0.00809172         -0.02176872
          0.01840768         -0.00557684          0.07876326
         -0.04570006         -0.01901774         -0.02799674
         -0.04103467          0.01029701          0.02397743
          0.01348624         -0.08623941         -0.08741105
         -0.00308828         -0.01576366         -0.03320454
  
         -0.12900405          0.06814601         -0.13513892
          0.06814752          0.02002516          0.05247843
          0.10777122         -0.04184957         -0.36858981
          0.01972623         -0.02322608          0.04346807
         -0.00865455          0.00380888          0.01853162
         -0.05757967         -0.04109155          0.10922321
          0.08092408         -0.04570018          0.07209849
         -0.04570006         -0.01901774         -0.02799674
         -0.03543521          0.01376026          0.15015822
          0.02835311          0.00077938          0.01956993
         -0.01379291         -0.00481812         -0.04301024
         -0.01475891          0.06918214          0.10922353
  
         -0.18320225          0.12109774         -0.05582548
          0.08502892         -0.17196478          0.01293508
         -0.06149111          0.03136035         -0.01923767
          0.07738181          0.05865981          0.01602294
          0.02079840          0.08892163         -0.01116653
          0.00183696         -0.02285606         -0.00057407
         -0.00286844         -0.04151465          0.02058361
         -0.04103467          0.01029701          0.02397743
          0.02835311          0.00077938          0.01956993
          0.10868974         -0.13824310          0.01921880
         -0.06479326          0.07274835         -0.02574390
          0.03130027         -0.00928401          0.00024221
  
          0.10496788         -0.18406430          0.01267020
          0.00863571          0.28389659          0.16879967
          0.10280594          0.04709293          0.04892526
          0.00106208          0.09658566         -0.00762850
         -0.03015903         -0.07699716         -0.00452705
         -0.02160118         -0.04860310          0.00244175
         -0.04123632          0.01473420          0.02070232
          0.01348624         -0.08623941         -0.08741105
         -0.01379291         -0.00481812         -0.04301024
         -0.06479326          0.07274835         -0.02574390
          0.00803773         -0.12067386         -0.07686747
         -0.06741224          0.00632091         -0.00835749
  
         -0.05799633          0.02255874         -0.01106671
          0.09426858          0.05720852          0.04297290
          0.00384897          0.00491868         -0.04141384
          0.00100372         -0.02251150         -0.00207192
         -0.02376684         -0.04777063         -0.00141445
          0.00397664         -0.00154400         -0.05870429
          0.02569262          0.00923690          0.01289704
         -0.00308828         -0.01576366         -0.03320454
         -0.01475891          0.06918214          0.10922353
          0.03130027         -0.00928401          0.00024221
         -0.06741224          0.00632091         -0.00835749
          0.00693329         -0.07255817         -0.00910634
  
  
