0.29396201          0.18633941         -0.21590823         -0.32954603         -0.20467377          0.10296950          0.03529767         -0.02931087          0.06737075          0.00028635          0.04764523          0.04556799
          0.18633941          0.70146872          0.08384068         -0.31301005         -0.17141669          0.04507071         -0.02931102         -0.02880252         -0.02616181          0.15598167         -0.50124951         -0.10274959
         -0.21590823          0.08384068          0.67668252          0.18264480          0.06287581         -0.05640836         -0.05908356          0.02294250         -0.56386623          0.09234699         -0.16965900         -0.05640793
         -0.32954603         -0.31301005          0.18264480          0.31273879          0.25761659         -0.14634960         -0.01946693          0.00250426         -0.01730530         -0.00354806          0.02359903         -0.00901068
         -0.20467377         -0.17141669          0.06287581          0.25761659          0.22046807         -0.08230490         -0.00190142         -0.00318497         -0.01208935         -0.08760155         -0.03285020          0.03880925
          0.10296950          0.04507071         -0.05640836         -0.14634960         -0.08230490          0.08689266          0.08305962          0.06342261         -0.00871233         -0.02435363         -0.01770278          0.00503404
          0.03529767         -0.02931102         -0.05908356         -0.01946693         -0.00190142          0.08305962         -0.00347920          0.02092780         -0.04545395         -0.00958594         -0.00350395          0.01589417
         -0.02931087         -0.02880252          0.02294250          0.00250426         -0.00318497          0.06342261          0.02092780          0.04228800          0.01765115          0.00191937          0.01373993         -0.09556161
          0.06737075         -0.02616181         -0.56386623         -0.01730530         -0.01208935         -0.00871233         -0.04545395          0.01765115          0.58129072         -0.01443685          0.02627928         -0.03551821
          0.00028635          0.15598167          0.09234699         -0.00354806         -0.08760155         -0.02435363         -0.00958594          0.00191937         -0.01443685          0.01284765         -0.06774031         -0.05245148
          0.04764523         -0.50124951         -0.16965900          0.02359903         -0.03285020         -0.01770278         -0.00350395          0.01373993          0.02627928         -0.06774031          0.52035978          0.15950194
          0.04556799         -0.10274959         -0.05640793         -0.00901068          0.03880925          0.00503404          0.01589417         -0.09556161         -0.03551821         -0.05245148          0.15950194          0.08689210
  
