-0.000336	0	0	0	0	0	0	0	0	0	0	0	0	0	0	0	0	0	0	0	0	0	0	0	0	0	0	0	0	0
0.002925	-0.00709	0	0	0	0	0	0	0	0	0	0	0	0	0	0	0	0	0	0	0	0	0	0	0	0	0	0	0	0
-0.000018	-0.003679	-0.000805	0	0	0	0	0	0	0	0	0	0	0	0	0	0	0	0	0	0	0	0	0	0	0	0	0	0	0
-0.004119	0.003384	0.000934	0.024164	0	0	0	0	0	0	0	0	0	0	0	0	0	0	0	0	0	0	0	0	0	0	0	0	0	0
-0.006119	0.010987	0.004167	-0.029796	-0.006837	0	0	0	0	0	0	0	0	0	0	0	0	0	0	0	0	0	0	0	0	0	0	0	0	0
-0.004822	0.00942	0.000824	0.017869	-0.006463	-0.027863	0	0	0	0	0	0	0	0	0	0	0	0	0	0	0	0	0	0	0	0	0	0	0	0
0.00052	-0.000327	0.001211	-0.005837	0.001108	0.000558	0.020278	0	0	0	0	0	0	0	0	0	0	0	0	0	0	0	0	0	0	0	0	0	0	0
0.003599	-0.008362	-0.002196	0.018054	0.033582	0.029323	-0.011461	-0.016943	0	0	0	0	0	0	0	0	0	0	0	0	0	0	0	0	0	0	0	0	0	0
0.002817	-0.004178	-0.001291	0.006403	0.018511	0.01583	0.017996	-0.000059	-0.025104	0	0	0	0	0	0	0	0	0	0	0	0	0	0	0	0	0	0	0	0	0
-0.000937	0.000042	-0.000545	-0.0018	0.00091	-0.00196	0.005685	0.007175	-0.009255	0.045488	0	0	0	0	0	0	0	0	0	0	0	0	0	0	0	0	0	0	0	0
-0.001601	0.003057	0.001106	-0.006314	-0.012134	-0.011208	0.007874	0.007427	0.006623	0.008216	0.003304	0	0	0	0	0	0	0	0	0	0	0	0	0	0	0	0	0	0	0
0.00019	0.001326	0.000994	-0.001075	-0.005216	-0.002684	-0.0145	0.003435	-0.006297	-0.010425	-0.006856	0.012579	0	0	0	0	0	0	0	0	0	0	0	0	0	0	0	0	0	0
0.001833	-0.002462	-0.000364	0.009812	0.013904	-0.018219	0.000096	-0.007293	-0.004379	0.000947	0.003058	0.000694	-0.011443	0	0	0	0	0	0	0	0	0	0	0	0	0	0	0	0	0
0.000919	-0.000209	0.000014	0.008815	-0.022543	0.006147	-0.000521	-0.005684	-0.003443	0.000211	0.002118	0.000684	-0.004202	0.022785	0	0	0	0	0	0	0	0	0	0	0	0	0	0	0	0
0.000722	-0.001698	-0.000352	-0.024468	0.009777	0.003831	0.001342	-0.007765	-0.003196	-0.000541	0.002589	0.001099	0.023847	-0.002229	-0.000523	0	0	0	0	0	0	0	0	0	0	0	0	0	0	0
0.001402	-0.002239	-0.000953	-0.025226	0.01705	0.002613	0.001864	-0.007495	-0.00286	-0.000125	0.002752	0.000786	0.001298	-0.004819	-0.001172	0.021588	0	0	0	0	0	0	0	0	0	0	0	0	0	0
0.000103	-0.000171	-0.00003	0.008708	0.003062	-0.021862	0.001113	-0.004783	-0.002041	-0.001509	0.001314	0.001587	-0.004043	0.00236	-0.002158	-0.006196	-0.00326	0	0	0	0	0	0	0	0	0	0	0	0	0
0.001797	-0.001866	0.00007	0.002828	-0.017927	0.013662	-0.001792	-0.007978	-0.004768	0.001689	0.003562	0.000277	-0.002276	-0.001908	-0.001846	0.000616	0.025124	-0.008831	0	0	0	0	0	0	0	0	0	0	0	0
0.000323	-0.000394	-0.000131	0.000329	0.000481	0.000846	0.002684	-0.001472	0.000428	-0.025071	-0.003101	0.008988	-0.000582	-0.00005	0.000153	-0.000051	0.000639	-0.000813	0.022602	0	0	0	0	0	0	0	0	0	0	0
0.000102	-0.000271	-0.000178	-0.000154	0.000564	0.000208	0.002307	-0.000617	-0.000789	-0.003086	-0.018426	-0.021941	-0.000278	0.000042	-0.000019	-0.000288	0.000269	-0.000227	0.002197	0.014602	0	0	0	0	0	0	0	0	0	0
-0.000136	0.000372	0.000307	0.000552	-0.000612	-0.00001	-0.004388	0.000077	0.001504	0.007504	-0.022292	0.023144	0.000378	-0.000163	-0.000021	0.000427	-0.000576	0.000284	-0.0052	0.022121	-0.026699	0	0	0	0	0	0	0	0	0
0.000431	-0.00083	-0.000372	0.000583	0.001982	0.001388	0.00253	-0.000773	-0.003475	-0.009822	-0.02548	-0.00066	-0.00103	-0.000139	-0.000009	-0.000554	0.000622	-0.001019	0.000302	-0.001665	0.000235	0.004187	0	0	0	0	0	0	0	0
0.000267	-0.000401	-0.000098	0.001217	0.001838	0.002144	-0.002807	-0.002388	-0.000265	-0.028022	0.018554	0.001881	-0.000369	-0.000413	-0.000545	-0.000425	-0.000335	-0.000562	0.001114	0.000259	0.001072	0.027988	-0.017245	0	0	0	0	0	0	0
-0.000239	0.000337	0.000123	-0.000403	-0.000925	-0.000933	-0.000066	0.000531	0.001374	-0.001334	0.000588	-0.028645	0.000416	0.000114	0.000096	0.000242	-0.000225	0.00052	-0.002501	0.002353	0.002328	0.001631	-0.002185	0.024386	0	0	0	0	0	0
0.000258	-0.000262	-0.000088	-0.000481	-0.000285	-0.00044	0.002289	0.000034	-0.002695	-0.018296	0.01457	0.013914	-0.000504	0.000231	0.000437	-0.00007	0.000935	-0.000472	0.000147	0.000583	0.001432	0.00285	0.00133	0.002407	0.013221	0	0	0	0	0
0.000269	-0.000597	-0.000282	0.000192	0.001516	0.000889	0.002578	-0.001383	-0.0027	0.015995	0.000112	0.02751	-0.00065	-0.000081	-0.000084	-0.000387	0.000284	-0.000621	0.00044	0.003373	0.000109	-0.002287	-0.000782	-0.000224	-0.016538	-0.002752	0	0	0	0
0.000095	-0.000585	-0.00032	0.000541	0.002196	0.001231	0.002375	-0.001454	-0.001127	0.014968	0.028513	-0.000761	-0.000456	-0.00026	-0.000409	-0.000454	-0.000407	-0.000308	-0.00234	-0.001866	-0.000346	0.000707	-0.001425	0.001231	-0.015494	-0.025462	0.000334	0	0	0
0.000624	0.000162	0.000325	0.002575	0.000766	0.002166	-0.030108	-0.000369	-0.00498	0.003929	0.000025	0.002088	-0.000428	-0.000446	-0.000312	-0.000126	-0.000371	-0.000558	-0.000684	0.000282	-0.000804	0.000523	-0.000292	-0.000153	0.000585	0.000388	0.000057	0.023109	0	0
-0.000463	0.003057	0.001175	-0.004106	-0.010036	-0.008597	0.000136	-0.00085	-0.011658	0.000067	-0.005325	-0.002408	0.002334	0.001626	0.002132	0.002048	0.00126	0.002403	0.000147	0.000203	-0.000106	0.000583	0.000913	-0.000364	-0.0006	0.00031	0.000751	-0.000146	0.008842	0
-0.000406	0.000552	0.000449	-0.003179	-0.003508	-0.003887	-0.002736	-0.013913	0.023075	-0.000101	-0.002623	0.000294	0.000357	0.001044	0.00132	0.000754	0.000587	0.000938	0.000569	0.000339	-0.00049	0.001573	-0.000016	-0.000479	0.000998	0.000865	0.000476	0.002171	0.016673	-0.021695

