               Column   1     Column   2     Column   3     Column   4     Column   5
       1      -0.00131353    -0.00001741     0.00029587    -0.00016271     0.00000038
       2       0.00007785    -0.00060863    -0.00084065    -0.00064259    -0.00032658
       3      -0.00018153     0.00151054     0.00052282    -0.00020800    -0.00088988
       4       0.00116367     0.00047638    -0.00027149    -0.00042556     0.00006439
       5       0.00000617    -0.00079950     0.00059862    -0.00066880     0.00040987
       6       0.00036161    -0.00151616     0.00016393    -0.00002019    -0.00098291
       7       0.01633121    -0.00137943     0.00208677     0.00294594     0.00196957
       8      -0.00289218     0.00884232     0.01679361     0.01035385     0.00450935
       9       0.00144209    -0.00874834    -0.00591666     0.01308062     0.01362057
      10      -0.01395275    -0.00590483    -0.00247371     0.00639033    -0.00299740
      11       0.00155876     0.01350575    -0.01295232     0.01045877    -0.00583130
      12      -0.00430002     0.00883742    -0.00498250    -0.00945915     0.01610197

               Column   6
       1       0.00006501
       2       0.00406074
       3      -0.00002127
       4      -0.00006238
       5      -0.00405949
       6      -0.00002758
       7       0.00042724
       8       0.00316981
       9       0.00033726
      10      -0.00046896
      11      -0.00318957
      12       0.00043797

